3.94239826438139
3.48585744449644
3.66096264045279
3.28781905722957
3.48774206383145
3.77961366529804
4.88694042480912
3.79955512897847
3.50552176837308
3.91970694171072
3.20166514236055
3.59938249768913
3.55665187530857
3.18443693446369
3.92358925140105
4.72504241206944
3.37026412196761
3.49587457702375
3.87773364901118
3.5522033088392
3.65373545408528
2.50907991708851
4.22813259720804
3.44224077416132
3.59895863452477
3.38106421779181
3.44108226540432
4.65696468699557
4.67603752153041
4.4634855082593
3.17973978844165
3.9981025425025
3.24427987533623
2.27202965748026
3.2275343083765
3.57820532980354
3.61119755907379
2.7645956730155
4.91383350506425
3.87470426696324
2.76532869947887
4.53089248046668
2.6962500882485
3.83782955944098
3.55914501568865
2.96090268405539
3.30933447539242
4.04684764531827
2.27318534384838
2.95139347124762
3.38377388150104
4.68695860155413
3.3599329674925
3.31632332878233
3.66336208461411
3.74376393390622
3.98091787586949
3.46506919412179
3.71308371768157
3.59940535858532
3.10234226121229
2.86089933908534
2.84935547350315
2.32088548992572
4.23155537356176
3.25496370732029
4.20203099356462
3.08449627778894
3.48984513487953
3.38268857028803
3.89273242820279
3.99726122487893
3.69937660515704
3.26871272011395
4.5812921428677
3.4908682370938
2.66476174597554
3.221440689145
4.05729223752805
3.13077408347454
4.03619789668196
3.23724086069384
2.83954650013607
3.73705204448452
4.44907474142379
3.71723227856739
3.71684185674473
2.91217976451889
3.5539756285225
3.59436713241737
3.85239629546081
3.3501051360305
4.15697703212592
4.02222693219505
4.41183371779431
3.70471948075185
3.21817714822341
3.48744448798219
3.80575058209834
3.65728405496319
4.28785277762115
4.72891627556545
3.40799833099508
3.6662627129434
2.93964180198109
3.9328121649616
2.80662089726447
3.03354073554997
3.92955924303635
3.42609194021286
3.38117553918127
3.70230307551812
3.51807243437596
2.93635727912946
4.04757723292808
4.0181379616299
3.63378818274918
3.36800635882776
3.58921472865066
3.73963818637537
3.20869253695768
4.04922894070826
3.50194049419206
2.91097937668076
3.49949724844145
2.54106636844942
3.5915645858648
4.12840612395142
3.5126923304096
4.48177085107734
4.91460531205711
3.04485101118209
3.64777649662531
2.96307182138397
3.11613388344193
3.1179732934038
3.19297173326206
4.85053605107576
3.93595766739048
2.65478528424777
3.58120367120244
2.40777467078702
4.22904793715653
3.24708335016505
3.84188910929298
2.76595353357882
3.60564527888946
2.66294465181726
3.43598702336513
3.0160130768488
4.82107852868802
4.6144831959523
3.11728195536123
3.68122429899075
3.48849218589949
2.66970865026883
3.61527583958296
3.28855629373911
3.54130316604326
4.16020762311677
3.68043576249326
3.04755577165694
3.76351233521627
3.21143724520997
2.64180467474869
3.18134868486719
2.73906464824366
3.38875056981143
3.26222656894556
3.39193572782303
3.4788520485756
3.68361591261003
3.8168595862874
3.97647155447796
4.01565249553137
3.70399059706699
3.58210443949636
3.1456568242804
3.9985032386197
4.17594815816391
3.16863004714839
4.08940983593103
4.71820020350359
2.58036622614276
3.26141371780698
4.1813086590161
3.70572211133891
2.98340145235117
3.28699322499669
3.51754735026172
3.68899334272891
2.75712356517403
4.21319343949176
3.99501540996068
3.06166918023369
3.70007411902417
3.92081088300199
3.63480399540978
3.45722069328876
4.71890185924085
2.85987709594625
2.89030719951614
3.22243478574384
4.13906275030449
3.31246867440669
2.70670177024821
3.37312228825465
4.11421711597152
3.67534701372849
3.95185049192896
3.98378063347485
3.61059568913963
4.1126588609089
4.22528824417576
2.89235837276597
3.38142307295716
3.26411156192931
2.18789923247222
3.54913994719186
2.79087693112277
3.67011341727354
3.09531411564892
4.21594656892732
3.51514278685535
3.35310970544643
4.33681339495574
3.63241702994709
3.57723092677484
3.96984400884906
3.53304222641462
4.52498577687485
2.92988470912797
3.4905977723756
3.53781835540066
3.20076345381411
3.07679219628599
3.99773833209978
4.03685067898395
4.02463378389784
2.7247292529762
2.17675873173563
4.05083090580288
3.68829385751155
3.30010534167788
3.32243101324761
4.35640197009885
4.30455954720981
4.14761078036248
3.4466602344504
4.35614323687517
3.80549788974706
3.10510577602548
3.39312759773761
4.5589334936428
3.89810751567791
3.56449873724874
3.56312110650709
2.76581927909124
4.04021309828245
4.51468454657104
4.41700777061418
4.1900257487964
4.08509402276132
3.31108653016974
3.73219343215815
3.74641386577569
3.41520460586726
2.81854939053503
3.56516506527788
3.63219995978681
3.47209029202036
3.4506543994733
4.08498471437079
3.38350240019677
2.85399108743276
4.21890472979739
3.57554949830571
3.9222651512222
3.60088785717737
3.73689981717957
3.59208040890923
3.12094307339532
3.45851509633323
3.70733709857762
4.51062312732957
3.07329477146321
3.28041919308352
3.8142828216572
2.89178940022067
4.31348860042942
3.80805214862381
4.14818270571154
3.36744634581032
3.41938446681617
3.79170554350917
3.03005206779133
3.41601276004357
3.84848905943952
3.85785025867078
1.96369501087288
3.86778434495614
2.65485525674729
4.05094373690758
3.67209638385316
3.96286320478286
4.51847973964461
3.36505652833333
4.40105031005565
3.42207050606648
3.71997036123418
3.8563417812831
2.51113958505439
3.96625405985242
4.51809059748465
4.01389153427747
4.18637496639753
4.08541320405735
3.98435168670386
3.31892332947798
2.63739476628878
3.6818328428051
3.71025607097988
2.08759943994139
4.02629730998527
3.04224498441686
3.66325745972766
2.92495064239971
4.12804525599365
3.54149452862031
4.12309075693738
4.11664837621172
3.68057980867538
2.34869932239612
3.08145246498597
3.48893851401659
2.37848920104846
3.45357420361287
3.12187394080476
4.14340578605402
3.98452676045081
4.48740761523799
3.2482092732964
2.3791737843327
3.75287519894372
3.17425109988924
3.15739068055701
3.64388706261439
3.54459569890818
3.46845771705105
2.75366882813753
4.22390869106923
4.46356848531022
3.57790022101712
3.47564073339524
3.64326788706955
3.43097032380929
3.70503869076453
3.845358693653
3.50423027060803
3.97910089694897
3.61935281823763
3.33928026855259
3.44217895952251
4.19283781567112
3.11463834324581
3.06390793394897
3.45942170508323
3.99829559677231
3.30068939733107
3.40536856813669
3.67465549760576
3.7636494920552
3.43678293120809
3.65566880108494
3.8805547953336
2.81333879735048
3.79778204474182
3.48820994120238
3.28873062936469
2.81326514548331
3.49847967275083
3.9996898159642
3.49726001980819
3.34836741078718
4.28475790742218
2.60598117540285
2.87838651010919
4.20449371327158
3.39968258265554
3.75442551618047
3.0575777833211
4.82278365097407
3.99221684825894
2.99009566998778
4.62846767070998
3.69368783971472
4.24924588761595
3.84453022678271
4.5703343917482
2.98936330373479
3.54153374353134
3.17938611724193
4.12285703930863
3.54474955374252
3.62955065489496
3.76341481876132
3.79792445770803
4.44481599228315
2.68808037338356
3.58596137054303
4.62204255085849
3.69985226454742
3.12025687804696
3.9971198803805
3.53095696628161
4.0516993498402
3.63958523369888
3.64563318751698
3.21431231526154
3.17292909478642
3.1957924213194
3.56698479116811
3.88943017404009
4.51432563500388
4.09007197182828
4.37086941944743
2.68404681924589
4.11950961607067
2.85758961997078
4.2380739776221
2.96189687123627
3.70147132097664
3.41557241353511
3.22307646020334
4.43761119771849
3.86553029802614
3.31929840318879
3.78345309346327
3.16583919602212
3.74874133031066
3.83103024405654
3.57674774175086
3.51825461582987
3.25530053448221
3.95926667648882
3.12913766009165
3.40798465220417
3.89683196250105
3.58493044540772
4.2422207498195
3.20967035005305
2.83055450668452
3.57597901392834
3.82908172149093
4.43270978904902
3.4482202724061
3.75023111255477
3.28646669214384
2.79579813502905
4.33074184643478
2.91103770180955
4.72148222808703
3.703810804037
3.83513871429025
4.15861067744478
3.32132004363911
2.74525435073946
2.90159020234188
3.64238153169154
3.93954161773773
3.74170087866172
3.83357864662708
3.82121458531374
4.0192005322968
3.92227418555877
2.86832492107073
3.8860137430142
3.75618582971637
3.69073802827078
4.04293777337785
4.33513599578283
3.7995264953492
3.73620870407248
3.6142273544213
4.10714603602346
4.75181993999791
3.37439827919142
3.13085748244492
3.16694245338354
2.61150818879481
4.45699569411206
4.06910109394542
3.49199278298301
4.63046655856045
4.18279027195826
3.61231439683061
4.50584541777587
4.08057984556482
4.28491674785263
3.52106479386167
4.16573307549584
3.84599674475077
2.71803016173406
3.66473477763743
2.88933747957943
3.74155397463178
3.06636762178588
3.10760064068057
3.82750095434349
4.22961424261331
2.44431715527181
3.07419367934974
3.77245238693151
2.53688175762376
3.48587375402386
4.39372161579082
2.45349235403305
3.68299648540332
4.48152229860538
4.51625532027065
2.74311853606208
4.87063018349864
3.32150678561232
4.33397441783396
4.05362555263361
3.71063948812734
4.4509757808918
3.25467668946798
4.45180914156123
4.02545902060631
3.33602323484285
2.9849471391545
3.58982166217735
3.78807405777218
4.3749095239279
4.06868536049542
3.12383761966246
3.35519539000155
4.0261361935437
4.1859979706893
3.21684807437744
1.48264801347193
3.26001784245109
4.00956194355571
3.96843719586771
3.66079692760886
4.08851799341458
4.37506689220178
3.2552051257891
4.12202576254863
4.01434692897824
3.75570305649573
4.50569164759091
3.23110177072998
3.8809120865969
2.5188900124694
3.16500708158237
3.21464170295024
3.36696310821062
3.60542399516813
3.24572377468475
3.76631536455942
3.95866023081682
3.25135374114505
4.06333070440199
3.23532192140855
3.17321429290853
3.19078505590549
3.80638055682653
3.58158730777858
3.68294134771392
3.44326280259657
3.28383598300119
3.40483735475618
3.19872772536793
3.31086332773981
3.00399300510533
4.20047602270647
3.02805309160249
4.35453489762439
3.10098713806221
3.7639719629364
4.30154479144397
3.02204613991646
4.13505620215312
3.20969476621599
4.13669291491125
3.9113225043347
4.41062088273346
4.18507270083301
4.43672864810071
4.08979973820658
3.6554151234548
3.08819915054518
3.71683336441585
4.0656168005073
5.01953562831951
3.23088194611559
4.3243934212896
2.83136503470022
4.19184911996217
4.3011395895329
3.42611453851446
3.50632242887191
3.19380675648088
3.42601652591993
3.15418975860123
4.31382896358461
3.45655411226208
3.33741766560196
3.88535829017871
4.66607710260322
3.52195955072849
2.96442090053274
3.32428756109084
2.67135451782536
3.86066869407057
3.69817051243959
2.88897911647512
3.37130948413416
3.78562702179041
4.23570122266872
3.43554127664078
3.88792436455173
4.18611462461493
4.53578877253794
4.00993936282784
3.49776053717117
4.5564162014869
3.92809467593742
3.47717886995145
3.72861101756664
4.22294654498449
4.01351372002401
2.91680627195983
3.28192588436411
3.72228213043939
3.03723353594535
4.11342731799125
2.37423452430272
2.63293587796843
3.60941919483166
3.34483071190226
3.5076765791375
4.27109821297004
4.43135553103409
3.29044846591841
4.28604084001917
1.81322110028631
3.88492391268575
4.24218651059145
3.51511879147317
3.66137937662098
3.37007718168283
3.78493424903216
3.84526986954816
3.97098164137496
2.87629811383941
3.10270610654004
3.26202666987807
3.79310329810479
3.52940466713015
3.44702477092029
4.21668696424936
2.51772010120439
3.7831810988087
3.79989611233701
3.22986213824722
4.27578766912541
3.1556275324422
2.56012202011256
4.07510438936476
2.86121294637837
4.27904199738037
4.14899708860712
4.3823584933801
3.2143792289285
4.45241056734174
3.40440159188332
3.51182118555639
2.75165011516574
4.8801376191083
4.61393109255011
4.15396169309993
4.27535275368249
3.2310294215463
3.37202335232992
4.26865606287946
3.00158135553297
3.94295869326399
2.22755037958655
3.49584774595848
4.19939428929334
4.19481188134183
4.64963034415524
3.14390278927171
4.09361299761438
3.29680034414306
4.01279465610525
3.78890943728254
3.43855125366685
2.83173180427073
3.98529101215303
4.55169614576577
4.20437900564771
3.17628726339839
4.38143987812541
4.09625353440117
4.51097302107767
2.978380035991
3.4559559660226
2.88897299229887
2.70079426712462
2.79979495688551
2.83203107198416
4.37274336319483
3.55849107795875
3.50199089413442
4.74494674739146
3.01909595247627
3.57110846926519
2.95006301098081
3.81162884804067
3.23381305465522
3.75411716086338
3.10843752793873
3.14050347270509
3.5907189759781
3.84953599045708
2.82855183291636
3.72582112647703
3.01328782882343
3.31828092899256
3.19604098650109
4.04358249401385
3.25509986732097
3.13362692150165
4.69321967447632
3.09518629225493
4.50682318447279
3.45630121323514
3.21970322485509
3.84928444224643
2.93954306354977
2.13839863629281
3.44159152894359
3.68781110375069
3.06669005247081
4.95695629915198
2.53556798060824
3.18110220977746
2.67062214014415
3.03189584905492
2.38706474070029
3.811198074772
4.57296016036461
2.3066672466933
4.3090162301192
4.17062249706742
4.09641943602346
3.86532090080368
3.59889272359726
3.47058658401287
2.88659338726053
3.45544868540344
3.94788394679994
3.83790051725395
3.08793119968763
3.68692399188021
3.59033236069658
3.42189755610445
3.03719681640206
4.14271647518289
3.60706791446767
3.90778125642394
3.51848461504789
3.76824000513584
3.65114200902119
2.55773762829729
3.03065271295332
3.16766938574451
3.62228901101738
3.59187101337156
3.65680426177215
4.17829907537062
3.03809802974564
3.63500028752447
4.34581298020211
3.83510471916715
3.88569264192962
3.99318038229513
4.14749353188925
1.71865616053111
3.03900833169244
3.57708850164644
3.67575222675656
4.10091232822876
3.83388387192261
3.74026510775494
4.67621891411343
4.41388367504676
3.51681559833408
3.24349761990194
3.22571473546398
3.82118703587391
3.05920491090184
3.9501223064706
3.2302327619993
3.90969284160213
3.12668540623642
3.55344271492482
4.26284122427069
2.96828674951162
3.80617687305509
4.35137305068749
3.65106347093672
4.6487976477679
3.34670356473604
2.69808568397446
1.88636079760018
2.67854762510823
2.21378376768728
4.21783663433275
4.00964810445316
3.58698623369865
4.4680670103577
3.40280951329543
3.28367717747403
3.89069232303218
2.60929839135322
3.94142097069169
4.58134247697589
3.72735168330932
3.62078282679512
4.39132705609975
4.23637210573085
2.44181091410212
3.3652155422876
4.21074654921219
3.87272855040249
3.15008252480958
3.36742894321948
4.16075064280834
4.65460654472188
3.06088063029516
4.71453201558834
3.58039796979571
4.13313483408928
3.57971537848238
3.5534723584544
2.8358351443477
4.33092968450785
3.51860445182127
3.16400683073846
3.70854664777508
3.6615708023292
3.34274375815276
4.16140826968835
3.38085115094212
4.28466371415039
3.87495842697219
5.00599818606976
2.96333884290801
4.04307761006394
5.08453168798997
3.77656980640086
4.60996492174894
4.25519838178883
2.20493971083672
3.26145599221047
3.11001050498311
4.02528270891472
4.05683420667688
2.37313502584522
1.85259754589795
4.77431174385248
3.81292510725516
3.23141234102457
2.49234901309629
3.95524427660242
3.8758941449564
4.1634708320026
3.16335361031909
3.31503045645296
4.81995405631313
3.01926108876376
3.26204130076779
3.49175744081249
2.92909986021593
2.9381768097928
3.68286135763232
2.80199107247334
2.97508741568947
3.18134671254955
2.57694890747697
3.70837076338503
3.80535982819978
3.65031062406712
2.93375092389959
3.40956169426739
3.62581247134527
3.24755245293014
3.10239045170768
2.68354430020239
3.38244110303367
4.23113687426146
3.63726755983591
3.22984648104272
2.80367113950233
2.45464564845687
3.92891789438521
3.31772715925682
2.8275736319417
3.85525983001138
3.7911775279093
4.26012668988056
3.20818329792591
2.83440643126852
4.02108269243351
3.7056008853676
3.73741816795581
3.83974410670736
3.1883648394409
3.1644442135507
3.73322808206306
4.66931092301377
3.51093899578633
3.88918145301237
3.36291569934596
4.10254666699833
3.62646608734394
3.26601929676859
3.26224416515279
3.79742073496639
2.9987729791522
3.93709934502078
3.51999785111103
2.91611697033075
4.57891663354395
3.47640301620804
4.18705321874537
3.07738763756154
4.50097625364362
3.67238221919345
4.30199490759028
3.18894225372668
4.05579050834279
2.78542106680513
3.69443441894451
3.54805840461843
3.73766749701466
3.30324192514181
3.10007254744449
2.89213467111254
3.41256521899597
3.9288018510131
4.04699544861569
3.24108170752754
3.10414969741212
3.12329252073982
3.39978644891781
3.39128661951712
4.02413519634451
3.2344609971309
4.17994877085161
2.9163859997073
3.9829955641341
3.35607193814888
3.61998839520535
3.87780667629645
4.48916768024239
3.20906784696146
3.3028049565877
3.58633405360648
3.06854584767897
4.25930005593862
3.45087407426595
2.62012868129421
1.89259048789578
3.95746132745009
2.31121992346607
2.18949078450098
3.5789762054634
2.86065348139137
3.82620464434568
4.28921182912854
3.81421852598897
3.69593897183692
3.46592353988898
4.65220626500706
4.25452083799695
4.2448837925258
3.50771797708434
4.02927860155846
2.0539050561788
4.83129082245867
4.21670740421865
4.10493949177794
4.04245797761132
4.24597919063378
3.98824866280078
3.97154096801715
4.66997444768568
2.98724762357492
3.64736640312339
3.41060219017253
3.67584382796439
3.15314354711285
3.72709860463199
3.98656860191797
4.11666548799899
3.56869259246131
2.78160057627132
3.67912310987136
2.91304484206658
3.35089393182304
3.23297047373588
4.04241730145588
2.88292505715359
2.71311094166574
3.72631140401989
3.39482657919576
4.12045760155064
4.39874945183091
4.61760162555688
3.61835971713146
2.71767654240239
2.87903507696482
4.69148773444268
3.46710837415261
4.50555462877051
3.83156876883327
3.45065554188057
4.23147200092047
2.79984562492281
3.6542781059397
3.41525824364303
3.61776186726876
3.69633592826313
2.92026249027929
2.79089914951075
3.20773674286067
3.0836755302715
3.61017826012033
4.44351033810379
3.78140901588742
3.15389765126711
2.80720628554702
3.08408295501454
3.81646866590553
3.83641095182817
3.52712699168699
3.07747636852576
4.02255331730329
4.18051321913606
3.63658374357778
3.73416409795465
3.99808290316297
2.33989883549604
3.77197972201836
2.64394894404594
4.14740016933259
3.66684388305065
4.42566138968142
4.42917263566156
4.02786070923047
2.05910023946481
3.60051720788656
3.95079149135605
4.37563498010109
2.98633102148748
4.00213385761847
2.78258643541605
3.53803801840005
3.58803235139094
4.31726430474922
3.54069602446505
3.87806282534329
4.01870773447509
3.31275982171232
3.90922214040681
3.69511725242105
4.49735105035165
4.288438549421
3.95606820208159
3.60510722456096
3.89999958680179
4.33630501877335
4.46860253063083
3.07065594436819
3.27517641156366
4.18865112282269
2.79571449717816
4.04879744211351
4.19020369227593
3.19494674969597
3.78035600557386
3.67761423269593
3.85336047691951
3.12724271192823
3.98729224969401
3.48398938747271
2.53590461382948
4.61585615930752
3.71012577932864
3.80141151242521
3.77442256085593
3.89980361579168
3.46127715808855
3.92529775426314
4.21158961634437
3.1429850004473
3.54813822945594
2.87659979986927
4.43923185336156
3.40922863227871
3.48106341743044
3.09951767405076
3.76784159568422
3.34635934909364
3.52977819130109
3.76424397773055
3.82160008798237
3.41220694502102
3.29396424237551
4.59808132827468
3.35965842712702
4.04614698953829
3.93888368652714
3.26898865349945
4.20192339352595
4.01900283026474
3.94313145297002
4.52155121200828
3.56478732215113
2.65048689841161
2.96570239676301
2.98071426365262
3.38997246565998
3.68951466003675
4.54714293274788
4.57106790959835
3.39362762450231
4.32572849964592
4.04802833461341
3.00190534145413
3.64989528577872
3.43969458610839
2.45463202893687
3.91481806981456
3.83800130203327
3.41516355284881
3.97366075543706
3.22757019486815
3.33921461604986
3.0327444520772
3.8025287567817
3.6415837015609
2.55282774771871
2.90995875384669
3.73607893030655
2.85381543850513
4.24648408269025
4.0601799832045
3.36747203560337
3.37855500582547
3.65546858184912
3.80880084310053
4.23478086468117
4.2817107899681
3.57220730724438
3.28342045181389
4.15042363643582
2.92248754700918
3.41337493229523
4.43631785788453
2.56282732025503
2.53959684185527
3.73105182945463
2.08863276889278
3.69255663502542
2.75607674709983
3.22402076009857
4.16484316217411
4.20981878443012
3.59116757769227
4.3704907964142
2.81667430683863
3.05527920876278
4.27014486939616
3.95707811619833
3.24309167927107
3.79363354464847
3.46355556490375
3.60875182909741
3.60948110397937
2.46290834218503
3.94043616978723
2.78846340416262
3.69136630707267
3.61520014690464
3.66467233647232
3.24827169785739
4.26182608153699
3.31567206560331
3.54340729928938
3.76233895883743
3.03979290045634
4.31200641629785
3.60685520162381
3.59538969395324
4.23039837039094
3.90676324770735
3.96129924338664
3.82600975758449
3.01467838974899
3.37001464093017
3.58306958927277
4.06290628060931
4.12701713715336
4.5371287042527
2.64401882395758
2.92937950458177
3.96429173635767
3.8101572674755
3.01986804855801
3.80047227437945
3.62891308509636
3.48481629573435
3.00882219876262
4.00547670897099
3.28876894125911
4.06672186259084
4.18426040207959
3.60138814293476
4.56769882540915
2.92384927460845
3.81072430652845
3.92952596670846
3.82834241207747
3.31547341207161
4.13558484563001
3.89891572604195
3.9781962444408
3.48583531620007
4.95407265410098
3.67166068155143
4.7358346393769
3.22586632261575
3.50335678213674
3.87749082500017
3.56561960830735
3.51493914703107
3.17959138458494
2.29224870660554
2.56640509057642
4.43418300269773
3.97590745540341
3.23887611081104
3.47860643183105
3.67082277921708
4.1374617429562
4.30211795431426
3.43159998979827
3.59604141633692
3.77111962501212
3.81561217541113
3.09415920777324
4.26261047610121
3.93331180627386
3.75517702875061
3.36921945449589
4.18027975076635
4.51949082126979
2.14011268870748
4.76725466660049
3.26877863391156
2.64939900891424
3.24353105665399
2.72398269319101
3.61951255671069
3.15804152938819
2.64994256715492
4.52038816458365
4.78988124291136
3.63512267777985
4.79248433080243
4.74818635437258
4.12345376920892
3.67354584672573
3.59902337596582
3.14932093491265
3.93077843315767
3.99565683595672
3.83281377874682
3.58497618940369
3.56633373160574
4.48747991237385
2.89412876538766
2.93070691096419
3.75708775373174
3.90509492279534
3.97326004864961
3.58235947827373
4.05950672488833
3.61934013359447
4.096218419424
3.0172721159574
3.39031394425355
3.86215166905381
3.93594164647841
2.55802348053084
4.15670494513578
4.36384899961329
3.61396146873555
3.96174224788341
4.11696142329349
2.80366820796689
4.71707100553965
2.89497886779737
3.90940216475392
3.92049505208638
2.84773552874117
3.41370544931013
3.19659431627397
3.77770227081453
4.1679779509353
3.17292119375422
2.69036903357287
3.97601857059872
2.82171085211189
4.12892166099447
3.63218183045042
3.97405404313142
4.32269424882153
3.29848179336109
3.90521452228312
3.93371297434757
3.56175097748873
4.06098535650569
3.40483731917685
3.6366138988806
3.63737436972398
4.16327709054132
3.06508281485428
3.31616360050078
3.78927444699141
3.90564832144574
2.80853485077601
4.18943722622472
3.62286203783469
3.90974457857909
3.18331007926441
3.46783374758088
4.79763346881952
3.88801793691202
3.57481853628576
3.11696216128203
3.99727255239961
3.95681711787741
2.77598227520475
4.43725118771084
3.51272661680502
3.38993057435259
4.45844870561773
2.54765820126936
2.70826615338756
2.80008284930623
3.85955691075677
4.62330935366774
3.85287286485944
3.66380273879625
3.49542889206598
4.45824299839447
3.95488447964879
4.26811450292546
4.02122185551666
4.2812605971765
4.27403070126511
2.73422402685106
4.19861424651392
3.44140722223277
3.97431716971954
3.41657875659066
4.72844476212598
3.46125461568715
3.3687320979788
3.5705953195123
4.11806068981168
2.84311983405387
4.02627896038229
3.48825760785763
3.09996025279117
4.53198278815831
4.43634176457481
4.05199853344879
4.47686533064735
3.69061376694237
3.50426284171457
3.33001146363249
4.35460738330684
4.52058581733857
3.79261189189482
3.8125608293961
2.42975031616789
3.44161582758657
2.67846018346789
4.60686003853823
2.90273141632541
2.71338096299682
3.37234079949533
3.48951222495884
3.38161853559631
3.42693501586178
3.23449873475124
3.22600663946274
3.64301518932889
3.8935510697712
3.32861278776464
4.56185005617539
4.33902821200524
3.66631245002219
3.27623614971878
3.28117943786321
4.30838964153894
4.72715977914652
3.26936777581131
3.64168752441292
3.77967421749623
3.89670739726476
4.57451989517639
3.52402979221159
4.24148002698267
3.86264374296626
3.89946058251531
3.23607328985306
3.22178653827897
4.4405462202142
2.97775405018257
3.74076074125886
3.86737221361513
3.7461700419231
3.05793356067373
3.25409287475947
3.51741685722417
3.88108134503275
3.74532509907395
4.06291211970681
3.8051486177679
3.33482185885391
3.33619132418772
3.16696026434451
3.06556793060322
4.11481632441485
2.9643712496171
4.45989805621858
3.46277948127996
3.13161012151992
2.93611209934286
3.04563486755179
2.99619537891901
2.68401911742952
2.9632426030025
2.8748580854164
4.27945775443364
2.64347443741815
4.64270987628031
3.20135654729896
3.60402198745644
3.42469754916136
3.54119319232815
3.73227688044398
4.18711867628978
4.19472534396382
3.03909280142528
3.87069470268659
2.54014015785673
3.86253030177905
4.1110478678165
3.52668427552719
4.15368731597618
3.97462665127805
2.45562509124618
3.8036589063478
2.56801976013599
4.03746146476149
3.13405806201718
4.24256299636796
3.78418273033823
2.88934958077403
3.38196148873879
4.29412846893055
4.77674683794599
3.64941704284593
3.86183043001521
3.44743601538025
4.45119479288912
3.47875731233006
4.22809614511499
3.83939592601514
2.83734819822996
2.19805947550342
1.84464531135157
3.51554614955865
4.59652653247055
4.54345380066349
3.55763924725054
4.15162426609259
4.25883935715254
3.42717804687363
3.80603096562968
4.61945481481867
3.02557031948866
3.63838251794115
2.42479107183271
3.18803750048098
3.65018429701635
3.34293120106328
4.13574212165482
2.81904267290751
2.79203301986276
3.70392844039315
4.30534054733507
3.91399218816083
4.0147442463927
3.85732151546101
2.53495478938654
3.67330612502311
3.41186357112169
4.10298792105741
3.87862548860811
2.94360794457913
3.1156078180626
4.81965280889418
3.46724078498356
2.84366915190851
4.12862317789778
3.71635070620293
2.45091690474156
2.63012665080022
3.93234924842295
3.88075160996625
3.11466838422888
4.1342441801386
2.91941987808963
4.29156456501357
4.09179114294546
4.06067649321295
4.02722069759716
3.88965489998817
3.3863892619633
3.43124651121731
3.77206459107497
3.40341514072099
4.0417849553347
4.4908391100559
4.5492913232154
3.05704824631483
2.7871115338267
2.98418519706135
3.33997464583264
4.14015571775577
3.11998595451113
3.4988324875933
3.6777128903173
2.32501304712908
3.93111809807848
3.20248398622249
3.38249585413574
2.77405154667631
3.17295391046118
4.58537961157488
4.50780185524207
2.83406722089416
3.344994107197
4.5294862235703
3.30892945005555
3.29632682256125
3.24082715859446
4.04987441682683
2.53629133248142
3.23622608374269
4.13683921661751
3.00302028315629
2.94226972312483
3.51058251938963
4.48140034395971
4.83925254759885
4.7086686227505
2.94438233947519
3.52399044287634
3.48620145917256
4.76485275084556
4.0374002937343
3.73224216663462
3.41787282680329
2.90742065916767
2.51493748855934
3.15313465312332
3.23109561956774
3.26210564934563
3.41249626858373
3.16546778175883
3.53923409051896
4.15531438440389
4.00679989993219
2.82949339610452
3.15169188209532
4.16365691303721
4.1238247655032
3.16892875575985
3.0836676859105
3.4430609058336
2.95880381626077
3.33089323123231
3.82334327283935
3.95776963877333
4.11467187537612
3.56610126813087
3.2602288036775
3.14660395664905
3.00277026356308
4.08930535819164
3.14320971965264
2.77062421010748
4.71591163329545
4.09905737592777
3.60860402252635
2.43122931701673
3.87640734221598
3.27080883955649
3.11160874558142
2.3819298170393
4.5041352561126
2.59895338561027
2.1997190939235
3.89577293377732
3.76873261525617
4.75801702626939
3.05254385819729
3.77953420135348
3.46917829711158
4.36711831310378
3.20059160831682
4.21922216643824
3.31674883295459
3.2868626077908
3.89894707120492
3.68902883085671
4.27707416040341
3.72156419063736
3.29561500833046
3.72460948413513
3.27348995820075
2.52919371268596
4.21190837464879
4.14323288434005
3.35044246568712
3.75688136000578
3.71221767303018
2.5607605520851
4.20576258034615
3.64714418130398
3.53637139158324
3.49341974647389
3.0291784373089
2.80441077696145
3.9297432377751
3.12671471267172
3.05428708945913
2.72892622335027
3.52475508924935
3.84013503671896
2.28895641991609
3.07971984348562
3.68526824474636
4.07397629503018
4.20274147675544
3.45725631975107
3.91692332582122
4.21047203869113
3.03626044662993
3.65840199186875
2.95705722905492
4.0102841079503
3.96608877970403
2.90534155952779
2.99907642630476
3.02391517069015
4.61517232028569
2.43765247286662
2.95165411569302
4.20978599665722
3.05311835355679
4.0219651491527
3.49532136068811
3.53966366723381
2.51315952348026
3.25704042459875
3.69885353971147
3.30852415823556
3.72349313326575
3.30604771717715
4.11083746407503
3.89150563811596
3.9794770194951
4.05383772226023
3.44629866646192
4.50349722654996
3.37105173104328
3.68463883446134
3.38585065436829
4.20512425843654
3.88850382081036
3.88594742613822
3.809696380218
3.07265812935049
3.81443767809245
3.11279451419322
3.32086914831721
3.41397749075101
3.46509038935984
2.38190115939951
4.10640313473365
3.48737799246869
3.9013208102664
4.38226226994404
3.33764530503145
3.67404724794866
3.93879280110573
3.80140653242439
4.54367106427367
3.49633874769046
4.10613046639226
4.73770634541632
2.21929964113669
4.61906571719606
2.44169906595339
3.98794475298629
3.96348265942567
3.04412023449678
2.45718795153004
4.41008566752964
2.85660113246888
3.68907560688216
3.05018044007741
4.05704280101704
3.96562608857032
3.86171175133823
5.08117675110462
3.64050002706226
3.71169143164447
4.19075439212949
3.5051366741655
4.54356594181835
2.94483839847065
3.22479433523164
2.49730396090479
4.3637600540494
3.85436309529296
3.01285478218195
3.4847144872767
4.07403784424486
3.66002746348146
3.95704147201926
4.47510255647603
3.8775248924417
4.28867861451914
2.6894977898699
3.39053924223848
3.13467728649832
3.61896116759862
2.83261998916719
3.07844335631185
2.73069530433021
4.08960419035702
4.02577494472535
3.10138239568488
2.97294072828335
2.94408167924649
4.57373381940792
3.57168581117515
4.71244731117746
2.71399430092739
4.4184402380449
3.2517074445674
3.89845903775138
4.9424919174666
4.08669636600469
3.82318909859552
3.44568115969723
2.67982700595842
4.38778628063454
3.71684043406283
4.36758105140594
3.65169788780755
3.93542327495948
3.56465110358978
3.59792550148727
3.19250258343468
3.53797895331954
4.30181661932372
3.58623340652053
3.42379594352447
3.59805783405203
4.44772468695174
3.28999359197108
3.52779278179936
4.20738796465609
3.41424903120369
3.48724545338868
3.22219774429686
3.02201824833305
3.11535902132181
3.1057881987053
4.08187068845878
2.77340445853302
4.11727950346965
4.19468226011486
3.97994785245035
4.64250633709043
3.5695462399582
4.0135143504181
3.50268299383881
3.19105046797545
3.81057926566274
4.09284151066717
3.03507203978463
3.55407058100749
4.06169677174921
3.28278461983073
3.86446365378403
3.5496443157251
4.34437406352623
3.79344841695151
3.91114444360253
5.12785443514596
4.05158244735472
4.70090182828989
3.94038920832507
2.6910887780499
2.66619013892145
3.76646482280428
3.98553315716136
3.91407563256413
3.59861949464371
3.63519398965315
3.78004226863161
3.92518435462769
4.57749023465977
3.63728683925125
4.2730107712547
3.67180660001136
4.17249308751726
3.16487545943239
3.78239526474308
3.36782514381876
3.88663312623581
4.81852529432666
3.23609496010066
3.09392613281302
3.70264031886316
3.61069873963765
3.61600007014848
3.03413718974139
3.11019567261631
3.98676299672472
4.07682147082081
4.33132023381366
3.50806932297581
3.8394527576577
2.36762289748523
4.02402466323171
4.61464236518423
3.154774301542
1.78109207067209
3.5611902423353
4.17685059309411
3.31440881023143
4.59749435618184
3.39638676510006
4.09764800750273
4.30185432136719
2.72621585500701
2.71348531843305
3.84206513781865
4.41922449320262
3.78129160897595
4.14744381860071
2.87005884273603
3.04064536812418
3.29092510698931
3.08611377677211
3.93490814887821
3.27270912175719
3.42155131034137
2.58114838885725
3.62270526635104
3.7923258886817
3.1649423158329
3.09702174601641
3.38578591710137
3.34989743891014
3.1452386737988
3.67253335387842
3.89563203390332
3.27835815348202
4.42788098521365
3.1280561511436
3.47407289558489
3.52236948675465
3.31696584912685
2.87911704694
3.59052578360039
4.14376675460737
3.46470973368871
3.09493817671991
4.12799122756494
4.22466724929171
3.17036101139861
3.2964367493633
3.61599375742917
3.58555644200634
2.60432980463062
3.61191818212901
3.5703682198016
3.4246806960164
3.35396133225982
3.94927330036046
4.92071871158187
3.75812739616811
3.72729479084355
3.622904796599
3.5880125163755
3.8470584520278
2.98214267119522
4.46345100040699
2.85246042997918
3.67434375468029
2.9163659817077
2.63786567740484
3.68811296103018
3.00131271042157
3.12556510455618
4.43759205279573
3.08518921946282
4.43085321789087
3.40986205231196
4.01078390937475
3.35482471112451
3.61385096465426
3.9333285659035
3.29777655186265
2.39717861370467
2.3532170091862
2.86104816788814
2.79720393495329
3.11394990361338
3.81203175747298
4.0928915549837
1.97580070613916
3.20712424513337
3.76487582706057
3.56974187085087
3.47555949025374
3.24805363265498
3.57598162072059
3.07563043000803
3.17708713367114
3.7264823080709
4.15652651332396
3.54904395323589
4.50776400373506
4.89085025505998
3.15956844339873
3.8249256165099
3.66187079050247
4.01063557433242
3.70140360969799
3.95865829253817
3.00985612976733
4.20574494194022
3.73165728249483
3.90617463753255
3.4500256906002
2.37605282687932
3.50403738722481
3.61760333253736
3.76537328483221
4.01758296228287
4.28773495884679
3.00479283477828
3.00294486296463
3.11906064380693
3.56989281587467
3.67100475227335
3.66563193653214
3.7564424843899
4.60489199366906
2.54776057128881
3.66932065663962
4.20600434918555
3.60202554939517
3.49146471165497
4.07780773665147
3.21564829068148
3.67576824226101
2.98174904222881
3.68681042958026
3.57928558570679
3.33784385027592
2.78489687678496
3.904279113473
2.20038179213129
3.92759730372737
4.67814773786013
2.51647289281084
4.76729332763565
3.07741329893417
3.10627780903537
3.02815706961894
3.82827803782376
3.10184575965037
3.7343657258526
3.39347536233013
3.26373494424661
3.76847531893749
3.62575634977891
3.01781124815736
3.27748542124415
4.2919129990676
3.84352181964753
4.24108266520925
4.82569581061966
3.54599445396635
3.26438747594342
4.1937279308038
3.21618377069716
3.29100683882254
2.42564596296558
4.14576081011994
4.52188488093761
3.93175462424147
3.87487201095432
3.85160599767053
4.23260455843169
3.15522172611019
4.13796294599143
2.00185142846752
2.93618737470323
2.93386081806888
4.023813101069
4.44930378493432
3.45148622960943
4.50519563211938
4.43367692066328
4.03391605218148
3.42826412854486
3.34452774941087
3.64303778631474
4.30445009138792
3.42092828658743
2.07537130536577
2.5417567701747
4.70904455638157
3.58380799143883
3.33261369047778
3.24544881283219
2.79655217550611
3.25207502250491
3.92655150391012
3.64349709520623
3.96736111117645
3.21134767572085
3.39164056276506
3.76699060690022
2.60682147246193
3.91814286696127
3.76362844799137
2.23745926055107
3.24934874783372
3.61989287606175
3.79127765656872
3.98496277108762
3.10219735714361
3.65808690891991
3.26970632116174
3.54697932447183
3.8049927715217
3.90688172110026
3.26379674373478
3.35211252878023
3.80981308645392
3.29630439225003
2.36895674530788
3.46442937390961
3.81610817492676
3.73385704754258
3.96657173336359
3.99910662146392
4.203614618073
4.5977055810478
3.84741223182909
3.0652639101422
4.25606200197992
3.50350932141707
3.03733094760707
3.97543176035277
2.62867963739612
3.56448136625442
3.57412971486827
4.09982780401317
3.94734378177054
3.54189912274921
3.18302599225874
4.01718127522941
3.39838405119259
2.971177325587
3.37968900797854
3.5331806126476
3.85687933590004
3.79424417936583
3.83601135632448
4.39025699168557
4.31254099176801
3.98805782765389
3.36259132740842
4.58899820423707
2.60772422239154
4.35219922327591
3.16728080910409
3.13909669656852
2.87895862787543
4.45843191404576
3.67780446209424
3.9824458575254
4.28915473205148
4.12835576115841
3.98577864886788
3.37982834207015
3.48019157272472
3.42573365522528
3.08754946450646
3.46068667789597
3.58290796081291
3.36811003233171
3.92280522039182
3.89345532360844
3.10415439381284
3.68606853661695
4.13527394741291
4.59106081427398
3.92102089223094
3.18835991778129
4.21604392370711
3.64178699251286
3.30164829117775
3.48851688851523
2.89055723592202
3.43529375559052
3.05929669353787
4.52260628941836
3.40288995060905
3.99865799677904
3.01368925850098
4.68998590604913
3.52681627035705
2.95364125988666
4.38880080818365
3.23961269111692
2.65682604627371
2.21131609879202
2.68987586077881
3.56232863242719
2.22264338306787
2.5381828107161
2.70345449921989
4.98835718309472
3.01173595741257
4.46664847650198
4.05434393656423
4.76610393567226
2.8071834309525
4.73845312267859
3.13765586608417
2.83704301995366
3.27319136802777
3.72331778089784
3.83904152011097
4.32147316560644
4.12714171853759
4.03675203724488
2.3792343601032
3.05320164555322
4.10053968515854
3.13441878380683
3.30467819258061
2.71295193603102
3.8242932879736
3.9460810400185
5.02498103798033
4.01023541952135
3.15523151989949
3.69006887845327
3.33568841940801
3.97610925532847
3.25510656854231
3.82545179645398
4.30983552856931
3.55333767279504
4.43379458730346
3.94062050969095
3.54018266283957
4.80054667121873
4.25893571020302
3.6136882747193
4.609300659383
3.79504748277593
3.50790834875102
2.89146959955602
4.70519383811889
3.38901246177826
3.71750243719832
4.50890632768607
3.41502905947006
2.7847143820184
2.43351273728826
4.16147262344392
2.60789074622488
3.84062730215602
3.94318098945984
3.68939429442903
3.50467712621792
4.2474834871921
3.72311418743627
3.08746131410115
3.79740171156009
4.18888046884316
3.79532364134308
2.98203467524003
2.95527937934714
3.99081538424084
3.2944933435104
4.62890466388794
2.95048362905961
3.49745022815279
4.00611790568636
4.30273534683097
3.81347672603289
3.75563873556633
2.99256473526238
3.34903883873285
4.1413192897231
3.37116181515395
3.12516748018653
2.87939368164517
3.70261172110318
3.97933820880981
2.42026529183586
3.61215975513891
3.01352918987428
3.23546375819723
3.58406131259959
2.6694562885385
2.64437057793814
3.13260931361284
3.68481281001576
4.23040013999192
4.03757282205962
4.06652212522365
3.13985815376442
3.94773039976554
3.98462058596967
3.80742574737864
3.48442064416951
3.35917688350837
4.27597425094301
3.11954083619909
4.46252671481602
2.77565017052353
3.68580920831844
3.83687786121571
4.3263208571521
4.01156311421923
4.16870415702068
2.17182425385521
4.1019548703804
2.50664311366852
3.58482818959461
3.6093164942363
3.5030361375228
4.13400511841307
3.65901399034176
3.88512205291215
3.24724744592415
3.84942888509753
3.62426297301245
3.05159703041747
3.64256191165895
3.63817672664801
3.96611600520616
3.51418379693492
4.15275706964117
3.0637643737828
3.91543206927033
4.69087293542885
4.07232763591336
2.930966266683
1.74013545638313
3.73924583499276
3.56334559122407
3.32460049706215
3.40198047546872
3.73922425302433
3.41940614202407
4.06112099862454
3.32236514207851
3.87739714202826
3.73217795344983
2.89783104172667
3.44484645831025
4.70374635008753
3.26404739325557
3.77211894125873
4.78059806729821
3.27829587077805
3.73740382315319
4.11701148242274
4.92922838121977
3.93599176528009
3.43597759852376
3.50886449563924
2.94045564295302
2.51073649586092
3.38808438666296
3.39008183052447
3.61778559198472
3.30736720240994
3.32063942980548
4.08023834974752
3.75180003893485
3.3748253963237
4.22700103588318
3.29602489985078
3.62777312754778
3.19075000504049
4.34241591362974
4.13654538220765
3.44936161600015
4.35902941524007
3.76835543490146
3.36132920368222
3.19684822872944
4.09503093483019
3.42982892247536
3.66999417386194
3.43041950636207
3.5901000122919
3.87670860740407
4.23583426201958
2.99836966504194
3.47656395036145
3.79633789198279
4.34411436823141
4.07239461456035
3.51865755756569
3.35178753748393
2.38631686155895
2.63769427810063
3.49629280992521
3.46751756267016
3.990525858063
4.03088612512185
2.69578809168926
4.32332868890603
4.30508494423666
3.70192395925647
3.77636736402468
3.3997829908853
2.88924023473248
4.51394297408239
2.73649832592742
3.0342058381434
4.49747729313009
3.91796344036199
3.63273488157628
2.71371854621599
2.80444564501717
2.79661848326653
3.87995659376216
4.28668833305622
2.96610517036866
3.2871806241359
3.58398682523636
2.43409126805331
3.88818050278291
3.16531311284962
3.20249443653256
4.1165759328674
3.85367769894962
3.23043709009162
2.28762458070457
3.68249112499163
3.80149108418027
2.85904883933519
3.29592261566799
3.01543309418537
3.15499638029012
2.98268092979628
3.03640952076008
3.84739035439578
3.94488228641005
3.29211401056546
4.00955903394283
4.57076937738537
3.14297564167799
3.91554272635782
2.65737182688041
3.94844100554073
3.96877876790773
3.01927606017357
3.73813765320992
2.95369272348708
3.96899583162794
3.58624659698838
3.18443704180193
2.42377574399889
3.35028036265051
2.93206123203935
3.36322736829639
4.69500894121675
4.12104765599625
4.23258416434775
4.93669090267104
4.42951125565121
3.52541078856075
2.85439996543063
4.00720713330507
3.96324727718892
3.1030819952927
3.47201689246329
2.96486058854683
4.3974482643544
2.66154179696573
2.1134800538398
4.70495441142951
2.33300133152494
3.48873735537123
3.97006939427204
2.96163573414001
2.85750031075036
3.77845509754967
4.03362559565462
2.57374582894878
4.3165036957655
3.51981915081803
3.40885374903314
3.04259858185099
2.90343989763056
3.68377113281203
3.61816150042255
4.19095242492614
4.2470040482142
4.51835083431737
4.26115952930499
3.49257625821182
3.78304019806711
3.60925775239999
3.02414217016421
4.09720338367083
3.47620555841973
3.18202897075555
3.94109621493077
3.09712842687853
3.18759125640048
3.62025218244576
4.03406513200834
3.5449802905359
3.30205684037965
3.05131632787279
2.62928666478394
2.75780156859361
3.90771293614727
2.48942684982865
3.76593030156719
3.13041696565335
3.5196945785287
3.03359449033655
2.81435282106506
3.6093667855442
3.1933306110185
3.67704341614293
4.19390170273607
3.5031231137083
3.86826000753179
3.65788454179392
3.8846895208743
3.33467612240619
3.62485086787734
4.45247053427455
2.86357260590853
2.85604163731758
4.08810979566353
4.14713867485819
3.39038748465478
4.4314702461742
3.24864132834874
4.04099358527229
3.48583727416963
3.9537598181342
3.34652745350966
4.46726471254923
3.33176443466839
3.75965117667354
3.32205103664899
3.64169071920201
3.49307985677308
3.29195028941884
3.00268863871769
4.4056496035272
3.64964955506501
3.51805219470549
3.47935318324154
3.6938591524763
3.89791953281722
4.34606794525703
3.1538261716088
2.45138503612928
3.43892568867513
4.0971499446957
4.45288676205466
4.73077894222135
4.01113141672894
3.74294400494935
3.70531204862302
3.66169144803032
4.07389965783292
3.25651805484438
4.04145665541734
3.83701635842156
4.30983230462011
3.33973735204253
4.14510517659558
3.80199681483948
3.2689077479965
4.35124434505429
3.98585668385312
3.20992050225681
3.40350879657001
3.9453672163156
4.21030687428197
4.18217684291423
3.63679049398435
3.05770497855152
3.54638725948654
3.78658181905256
4.14980982510363
3.83663519402294
4.20613994281214
4.33524849483755
3.70156988608058
4.6528052724616
3.55602440534738
2.85164052536548
3.75595179979789
3.55910239880604
2.84362852908903
3.9388815880032
3.27741638485598
3.65395629065245
3.35585040995554
2.92198283574452
4.16991196228657
3.79769787037642
4.01126953158576
4.28133056630266
3.9130279726576
4.54667889830219
3.84979572272057
3.53186673404545
3.50415121505023
3.8426383644026
3.38379346746071
3.70049696625088
3.96684525565189
3.97036016770426
3.11236138643363
3.63015309083044
4.08628004432399
3.12614058874983
3.41030952178118
4.10331298434603
3.63852553204212
2.92499994732482
2.90264770865532
2.39196577965096
3.38066530914636
3.3825679458829
3.73154181873889
3.67943540186946
3.87723663181875
3.08549016822174
4.24565304364945
3.42062735368459
4.47331867120221
4.20954858554629
3.88470643780549
3.29493740360683
3.13410783129725
2.52427822690436
5.1650845704644
3.91529815223953
4.62460980340998
3.60301757509558
4.43157425077352
3.63957710310072
3.45096289953469
4.51269580548111
3.99323268911853
3.36541899061111
2.95625763263661
3.3565891441329
3.64690748032905
4.18256494479577
3.48394985466121
3.24462370976455
4.28465255081437
4.09857178774873
3.61105933537532
4.01199685488205
3.62418780565642
3.84039996521617
3.95117444374205
3.18612549180498
3.4262615307069
3.53539519617592
3.52465074795092
2.92789559605462
3.43849030965268
2.88987826852031
4.1067583449189
3.74697123950449
3.73803864564624
2.7975970142358
4.51260347109667
3.80466817892535
2.89245621084621
3.2528672558705
4.05122967648199
3.23573873115338
2.66444646714796
4.39274230056595
3.74649641926781
3.23703324068047
4.16499025844955
4.32282636292409
3.45870130204194
4.23668943192608
3.46757457816278
3.31804497570589
3.79817418220621
2.48576989873982
2.716167156712
2.54802339146742
4.07383425444666
3.54305047661705
3.9274284579213
3.36368790277269
3.53021338487813
4.34006750131947
2.65041600051208
3.71230125240171
3.63461342876629
3.63942567280444
3.78934209590463
3.0517874155591
2.31308509367628
3.1091040023131
4.11342920343148
3.13861265791077
3.33754898367609
3.06229759908774
4.53491031955178
3.61871002214761
3.40685066674418
4.70499216965264
4.08628410902021
2.13557553973834
4.26066162863376
2.95681104836332
3.11266215795925
4.13036896872306
4.69959737465982
3.61347361629564
4.39035783271965
4.10853226125573
4.27556288825042
3.89473799877713
3.14339520492516
3.00966177022333
4.17095534655906
3.03670599309274
2.79833360397987
2.88544863637402
3.80611110340968
4.31822287636019
3.95125604431681
2.74340548429785
4.0952240043144
4.32503212272894
3.9545765696508
3.87885698284819
3.78092968931751
3.4827250804923
3.15333108739921
3.12305236350082
3.5765509531846
2.94825105333913
4.00100845554098
3.44411219767337
4.24381000310767
2.76816867019978
3.10581153809501
2.94037847272754
3.36510621045253
3.13490890744781
2.51077259242523
3.88640567568978
3.02941340484364
5.0258941942215
3.88705696530082
4.32211381160655
4.29910500646634
3.46883760550417
3.61602087624444
3.84753468770506
4.52801781490912
4.19190499223089
2.70922884708316
4.16583798892331
4.88175406478662
3.51986782689471
3.55068783340092
3.50511906936238
4.45499898031653
4.12215727678628
2.32240882184096
4.48759281707652
3.79832802197427
3.99387976793736
4.46106131888749
2.86416728922695
3.92889563557574
4.12427367959766
3.44583715042133
3.62322223341056
3.78177056114739
3.98164569562418
4.11154559351681
2.64062865525198
3.8607821279303
4.00359602332918
3.70948734369629
3.83333590833257
2.60919527800749
2.96481379075789
3.13169747103966
4.21859930045385
4.48462715939794
2.93169304654675
3.54487010196345
3.48863935437948
3.28435437390154
4.24709360771328
2.5609517526253
4.11328945856551
3.5360313608119
3.97002547766873
4.00236081182744
4.33521744571098
2.69806596714626
4.02010395415499
4.69574469051277
3.90183173095404
3.93059105741043
3.70411801243604
3.76894495794319
4.07145740101523
3.48996475468797
3.16556852479174
4.21828919358733
3.22976153260531
3.92642729865528
3.53439314990344
3.27078527929209
3.33829580723999
3.94052023151653
3.85595620250043
2.99452048060698
4.66365274402584
2.54442381303684
4.00936865375702
4.1197054207908
2.79414836008304
3.23250939118249
3.34021124527647
3.20463553490091
3.05439558030062
3.67807869468001
3.97449921163942
3.33915647235725
4.20811606413247
2.68412011639801
2.86752079216645
3.11964460467069
4.12884615956278
3.96753896999482
2.69973030574755
4.22826343119627
4.06076167616697
3.79364944860025
2.9302970069249
3.78714082620679
3.58750089010607
3.27907163668289
2.82525117359899
3.02548181729012
4.342955763396
3.4995208885761
3.54300220658009
2.46124246193692
4.27469289334494
2.66122916000336
3.73821269173092
3.60699029979701
3.25880703328113
4.38475170302301
3.73242132764669
3.99358102596756
3.61213774668895
4.10148385315171
2.99167258418571
3.10757253609369
4.01672046564985
4.56236933185071
3.88538801235339
3.1717256416493
4.35182264666555
2.5688542446978
3.53428001318642
4.44521214924046
3.51711382217605
3.23145043322322
4.09519184660884
3.1675406084204
3.24169830347008
4.24526393206167
2.15048591041892
3.59320611490939
3.43240099424352
4.26688754431079
3.87996213201532
3.90054223057574
3.32035539531163
3.4115418033406
3.42789440682981
3.70771039461707
2.82249461732129
4.10236046474986
3.0391064776518
4.47282167866382
4.42167205654237
2.89144001167578
3.26394751213692
4.31764230894871
3.15043861390673
3.07117479654218
4.003130819741
3.9710076984696
3.7278780734334
3.54954959648966
3.55473387323894
3.86418900882759
3.38737870248774
3.42613232218711
4.13100384355795
3.98356849561492
3.7951431482394
1.91737297472884
3.6860768566165
4.54277830095594
4.03510044031816
3.48325250914545
2.39623539348706
2.93463273965144
4.30906643467595
4.11840343944432
3.6877268624133
3.55866084131033
3.71121510732546
2.84413022310252
2.9073094931439
3.19036291651223
3.0542446988028
3.02767043037312
4.17919067280409
3.71283071293702
2.85338053990027
3.24966555853905
3.34187099189706
3.00561566472104
3.50590252578312
3.85344417238781
3.61520805374929
3.90000814378045
3.40441573984806
3.53989264043068
3.5989861116916
3.71699854063168
3.31087606800865
3.72947271305214
4.98228416039321
4.31645624609042
3.26967164318422
3.22042607500074
2.60612079897549
4.11675832343136
2.42876941442145
4.39599999672624
3.78763444265155
3.21789202500264
