1743
1341
2516
2139
2734
2014
2631
1335
2840
1743
2432
2103
2026
1476
1310
2874
2659
2613
2570
2472
2726
1339
2024
1759
2247
2127
2542
2549
2367
1950
1749
2563
2833
1915
2373
2738
1319
2664
2520
2768
2752
2617
2466
2587
2231
2525
2339
2884
2698
2605
2126
2087
2753
2070
2363
1301
2601
2498
1700
1516
1824
2797
2526
1914
2233
2472
2601
2837
1743
2267
2623
2652
2253
2501
2715
2111
2882
1860
2642
2221
2098
2366
2733
2063
1643
2443
2024
2390
2921
2848
2628
2602
2305
1644
2084
2439
1898
2058
2434
2376
1838
1311
1854
2696
2683
1275
2436
2659
2102
1522
2707
2537
2778
2628
2793
2190
1514
2535
2734
2058
2508
2435
1521
2607
1813
2796
2595
2115
2432
2626
2126
2740
1251
2706
1642
2609
2759
2236
2027
2857
2793
2083
2495
1356
2770
2438
2021
2579
1565
2382
2662
2280
2642
2590
2246
2048
2674
2115
1579
2515
2316
2798
2538
2879
2317
2591
2425
2510
2638
1490
2753
2293
2768
2662
2704
2248
1781
2608
2808
1759
2562
2549
2680
2673
2456
2790
2846
2690
2485
2446
2678
2837
2873
1893
1686
1779
2093
1504
2237
2732
2489
2690
2808
2394
2585
1962
2714
2287
2460
2050
2448
2539
2594
2093
2061
2480
2328
1868
2539
1299
1328
1776
2250
2595
2683
2351
2246
2108
2843
2802
2691
2698
1894
2192
2845
2360
1515
1593
1832
2829
2460
1859
2084
2564
2851
2243
2765
2602
1252
2740
2560
1323
2486
1265
2796
1683
2001
2676
2422
2147
2271
2822
2572
2311
2358
2701
2783
2859
1366
2226
2414
2012
1495
2381
1929
2797
2570
2512
2836
2416
1918
1567
1951
2081
2138
2224
2293
1901
2799
2517
2181
1599
2525
2501
2718
2462
2527
1692
2434
1938
2533
1385
2305
2590
2802
2062
1442
2675
2149
2320
2269
2444
2395
2230
2538
2594
2601
2150
1301
2447
2583
2572
2425
1829
2831
1658
2743
2617
2178
2675
1706
2672
2410
2342
2581
2089
2256
1700
2496
1717
2367
1455
2601
2826
2515
2528
2325
2774
2519
2232
2210
2784
2690
1306
1695
2248
2096
2456
2571
2601
2418
2305
2508
2592
2560
2459
2839
1425
2040
2737
1528
2556
2306
2439
2515
2462
2560
2767
2811
2853
2197
2396
2432
2253
1974
2018
2782
2609
1567
2602
2395
2256
2434
2399
2431
2806
2620
2388
1624
1385
2541
2601
1992
2183
2535
2347
1259
2741
2637
2076
2486
2274
2054
2631
2439
2893
2496
1504
2564
1742
2564
2549
2095
1852
2713
2733
1917
1512
2837
2119
2381
2231
2738
2946
2796
2149
2794
2725
2107
2428
2788
2113
2486
2321
2607
2273
2218
2586
2755
2351
1374
2483
2221
1602
2246
2648
2097
1651
1878
2721
2868
2851
2601
2828
2880
2260
1431
2831
2672
2228
2660
1489
2302
2368
2306
2256
1710
2751
2306
2049
2864
2231
2287
2601
2745
2861
2682
2433
1860
2638
2557
1863
2541
2290
2348
2342
2099
2666
2743
1830
2493
2773
2052
1923
1293
2895
1584
2057
2242
2370
2162
2757
2733
1528
2630
2602
2874
1757
2690
1677
1293
1755
1605
2715
2633
2488
2672
1942
2243
1831
2873
1996
2047
2056
1483
2669
2802
2427
2308
2579
2507
2647
2166
2308
1954
2003
1622
2356
2610
2794
2242
2148
2131
2086
2602
2452
1523
2124
2036
2042
2721
2135
2077
2287
2573
2277
2474
2717
2569
2280
2820
2612
2147
2132
2613
2286
2525
2459
2619
2453
1802
2224
2796
1988
2667
2585
2425
2783
2525
1809
1505
2089
2863
1577
2613
2573
2580
2867
2360
1908
2682
2735
1942
1679
2231
1503
2223
1677
2059
2917
2744
2626
2081
2160
2310
2309
2524
2361
2886
2432
2144
2259
2572
2076
1536
2523
2324
2638
2453
1513
2792
2146
2250
2602
2274
1942
1873
1918
2601
2281
2749
2611
2344
2601
1791
2090
2871
2814
2552
2359
2343
2727
2257
2235
2528
1879
1328
2587
2672
2269
2633
2454
2568
2591
1549
2615
2840
2098
2521
2374
2425
2888
2521
2856
2794
2342
2335
2208
1957
2229
1622
1740
1810
2267
2891
2720
1991
2241
1716
2846
2833
1592
2813
2708
2559
2627
2881
1944
2826
2515
1894
2292
2373
2777
2456
1916
2222
2565
2565
2684
2783
2259
2495
2625
2759
2558
2701
1631
1519
2726
1876
1894
2861
2148
2627
2249
2840
2536
1676
2499
2443
2519
1747
1737
2021
2647
1556
2383
2727
2438
2434
2349
2499
1648
2644
2858
1648
2613
2643
2232
2457
2762
2472
1727
2677
2849
2180
2546
1713
2728
1609
2041
2875
2592
2344
2514
1664
2582
2050
2666
2576
1409
2414
1401
1654
1973
2448
2704
2260
2098
2318
2659
1942
2746
2370
2523
2240
2299
1379
2766
2154
2312
2792
2817
2708
2262
2299
1936
2466
1646
2495
2034
2298
2620
2814
2740
2794
2331
2105
1517
2690
2298
2195
2689
2152
1578
2611
2530
2676
2344
2788
2139
2141
2635
1502
2864
2574
1314
1611
1261
2445
1767
2725
2056
1724
2866
1696
2040
2618
2507
2753
1659
2344
1796
2231
1754
2844
2022
1341
2259
2306
2091
1370
2572
2535
2378
2154
1957
2745
1897
2880
2237
2686
1449
2523
2772
2076
1940
1927
2824
2480
2673
2606
2178
1715
2663
2803
2863
2088
2867
2826
2734
2345
2062
1676
2282
2850
2088
2559
1915
2548
1854
2501
1790
2456
2173
2621
1914
1914
1732
2243
1629
2363
1585
2505
2751
2727
1676
1572
1992
2794
2123
2665
2860
2279
2661
2632
2310
2152
2811
2864
1484
1258
1359
2103
2227
2467
1686
2361
2302
1399
2809
1802
2295
2425
1676
1307
2311
1971
2377
2373
2772
2460
2727
2267
2050
2733
2886
2469
2772
2269
2842
2344
1371
2867
2467
1558
2355
2084
1626
2516
2729
1976
2697
2711
1577
2814
2516
2733
2290
2451
1285
2400
2842
1703
2439
1429
2440
2831
2525
1874
2742
2297
2738
2452
2757
2582
2665
2082
1700
2194
1788
2770
2088
2559
2637
2061
2321
2580
1566
2580
2250
2317
1300
2054
2825
2002
2602
2582
2885
2811
2876
1667
2384
2048
2722
1422
2823
1581
2779
1786
2915
1471
2837
1272
1728
2692
1914
2400
2761
2744
1752
1585
2540
2524
1689
2256
2740
2733
1634
2796
2867
2364
2256
1870
2720
2921
2765
2034
2644
1806
2057
2531
2614
2356
2479
2771
2250
1510
2231
1865
1728
2557
2673
1998
2418
2579
2015
2263
2608
1749
2268
2601
1386
2246
2643
2411
2764
1763
2585
1649
2540
2411
2116
2740
2140
1997
2451
1729
2452
2741
2790
2853
2268
2400
2807
2733
2866
2043
2116
1746
2565
2105
2178
2845
2269
2857
2126
2601
1853
2618
2616
2447
2268
2307
1630
2773
2548
2062
2871
2545
1817
1619
2456
2537
2140
2706
2521
1936
2021
2727
2726
2084
2326
1517
2837
1873
2520
2247
2454
1765
2766
2856
2868
1840
2769
1519
2524
2733
2259
2738
2707
1717
1594
2474
2802
2601
2574
2634
2733
2880
1716
2064
2104
1771
1766
2865
2770
2261
2181
2774
2704
2806
1666
2368
1965
2609
2189
2743
2555
2875
2738
1471
2775
2524
1453
1984
2836
2289
1855
2735
2476
2374
2486
1637
2533
2733
2613
2719
2711
2785
1949
2156
2687
2424
1280
2362
2088
2817
2510
2537
2623
1495
2485
2678
2701
2179
2633
2611
1808
2869
2099
2898
1351
2315
2557
2174
2542
2762
2557
2480
2315
2638
1298
2355
1274
2245
1515
2610
2797
1739
2350
2509
2073
1367
1495
1520
2646
2298
2770
2635
2878
2799
1686
2795
2914
1553
2728
2459
2201
2803
2271
1623
2540
1598
1471
2465
2628
2418
2778
2165
1810
2579
2670
1976
2730
2279
2686
2590
2349
1848
2270
2338
1815
2587
2636
2747
2090
2725
2771
2628
1586
2591
2017
2113
2662
2253
2160
2419
1944
2427
2215
2370
1651
1369
2691
1557
1622
2318
2146
2194
2750
2857
1517
2209
1272
2076
2451
1652
2549
2685
1356
2583
1987
2723
2161
2540
2349
2503
2318
1977
2342
2627
2327
2634
2577
2092
2474
2203
2175
2079
2627
2580
1862
2439
2025
1421
2021
2420
2734
2582
2253
2818
1525
2166
2222
2553
2676
2607
1567
2196
1931
2456
2585
2307
1602
2241
1487
2132
1989
2608
2383
2245
2313
2503
1263
2692
1478
2548
2303
2679
1662
2601
2481
1694
1341
1567
1485
2223
2552
2546
2189
2849
2501
2128
2873
1580
2859
2240
2231
2852
2250
2102
2611
1866
2901
1343
2233
2704
2586
1870
2377
1289
2505
2400
2703
2581
2769
2566
2496
2225
2678
2521
2367
1400
2623
1542
2123
2448
2109
2244
2726
2771
2635
2472
1314
1761
2103
2291
2741
2847
2850
2324
2611
2589
2148
1557
2659
2320
2332
2777
2749
2135
2619
1641
2498
1690
2778
1742
2062
2410
2677
2621
1875
2864
2177
2403
2667
1379
2823
2811
2882
2760
2480
2675
1578
2454
1681
1743
2144
2451
2432
2837
2052
2543
2661
2301
2023
2552
2454
2208
2372
2001
1793
1938
2709
2172
1248
2849
2004
2601
1950
2669
1707
2246
2713
2306
2423
2601
2247
2076
1499
2477
2674
1265
1788
1949
2410
2315
2740
1502
2659
2005
2579
2793
2854
2827
2915
2090
2752
2049
2234
1850
2784
1947
2845
2318
2438
2116
1331
2392
2308
1435
2393
2586
2107
2666
1907
2659
2630
1950
2418
1826
2294
2615
2299
2784
1967
2511
2199
2733
2001
2438
2463
2229
2396
2730
2602
2006
2223
1965
1388
2743
2565
1494
2231
2675
1781
1847
2170
2770
2870
2764
2240
2474
2431
2251
2810
2362
2428
2274
2759
2513
2123
2869
2745
2148
2809
2862
2824
2764
2386
2371
2934
2339
1753
2764
2727
2244
2294
2739
2363
2307
2263
1992
2867
2439
2733
2396
2605
2445
2188
1271
2132
1537
2122
2531
2742
2225
1336
2354
1253
2697
2720
2733
2082
2773
2157
2740
2896
2054
2365
1896
2543
2479
2095
1904
2660
2164
1399
2601
2809
2866
1692
2520
2470
2547
1255
2606
2108
2191
1627
2751
2762
2008
2203
1866
1861
2568
2561
2539
2878
2383
2302
2613
2390
2146
2460
1262
1892
2295
2814
2516
2128
2263
1307
2642
2271
2140
2043
2445
2305
1745
2222
2861
2554
1662
2800
2531
2876
2262
1736
2664
2295
2556
2717
2878
2615
2731
2250
2091
2197
2108
2699
2579
2615
2592
1408
2589
2644
2563
1617
1891
1486
1715
2613
2518
1770
2678
2592
2238
1525
2178
2433
1894
2818
1950
2772
1848
1979
1891
1946
2525
2307
2213
1915
2858
2780
2201
1601
2180
2274
2563
1257
2710
2717
2363
2152
2510
2254
2300
2167
2674
2256
1649
2069
2880
2221
2470
2068
2116
2601
2410
2745
2549
2637
2861
1604
2145
2722
2623
1787
2151
2376
2496
2409
2691
2628
2533
1773
1848
1362
2355
2045
1538
1284
2879
2160
2265
2306
2648
2499
1503
2358
2391
2390
2382
1587
1879
1702
2243
1654
2713
2738
2449
1709
2134
2214
2677
1357
2759
2430
2148
2917
2804
2096
2764
2825
2540
1413
2124
2697
2532
1274
2473
2500
1916
2079
2351
2738
2418
1437
2582
2807
2817
2696
2356
1537
1846
2695
2818
2923
2235
2747
2454
2045
1876
2501
1904
2825
1788
1278
1747
2720
2506
1531
2526
2742
2758
2733
2218
2746
2231
1895
1277
1619
2409
2421
1653
2638
1543
2549
1492
2878
2716
2577
1987
2522
2382
2108
1283
2457
2178
1958
2351
2407
1869
1859
2716
2843
2826
2823
1852
2378
2367
2188
2748
2602
2872
1613
2738
2835
2612
2035
1709
2659
2754
2843
1727
1877
2579
1592
2676
1254
1516
2412
2285
1812
2371
2384
1914
2452
2828
1744
1435
2508
2177
2762
2680
1502
2860
2285
2478
1651
2586
2441
1698
1409
2479
1361
1785
1340
2450
1644
1755
2531
2572
1778
2229
2788
2804
1591
2289
2494
1657
2791
2589
2516
2071
2683
2880
2825
2838
2356
2235
2759
2494
2357
1775
2788
2747
1331
2148
2945
1537
2882
2157
2834
2247
2816
2569
2085
2825
2721
1901
2055
2329
2367
1863
2893
1953
2737
2777
2793
2210
1955
1832
2627
2579
2385
2232
1940
2453
2576
2153
2611
2523
1561
2338
2166
2589
1543
2787
1775
2358
1695
2774
2644
1907
1496
2061
1517
1302
2262
1554
2488
1534
2070
1581
2457
2762
1352
2606
2736
2850
2705
2564
2601
2866
1373
2424
1734
2564
2809
1838
2787
2795
2560
1923
2336
2266
1687
2474
1921
2453
2258
2273
1324
2683
2754
1578
2270
2815
2752
2690
1435
2076
2874
2253
1560
2439
2686
1266
1751
2522
2592
1751
2062
2080
2663
2260
1769
2183
1451
1490
2258
2613
1586
2168
2123
1307
2234
1814
2222
2002
2795
2118
2682
2230
2501
2355
2368
2529
2322
1904
2399
2374
2362
2612
2307
2342
2392
2514
2717
2095
2581
2281
1973
2099
2791
2648
1791
2497
1944
2159
2445
2565
1757
2354
2324
2618
2933
2383
2062
1700
2318
2485
2585
2593
1804
2377
2678
1686
2318
2517
2049
2153
2284
2517
2450
2608
2239
2203
1638
1768
2478
2777
1794
2306
2673
2091
2741
1942
2084
2584
2221
2802
2320
2251
2634
1457
2127
2281
1320
2521
2177
2922
1934
2733
2034
2578
1973
2455
2445
1512
2441
2690
2069
2628
2352
2579
1772
2407
2267
2865
1568
2627
2235
2790
1350
2681
2829
1776
2627
2115
2663
2459
2684
2081
2273
2363
2728
2008
2628
2630
2769
2791
2873
2525
2024
2740
2659
1641
2504
2667
1516
2319
1814
2564
1877
2849
2918
1898
2778
2166
2274
2238
1893
2367
2159
1861
1512
2347
2689
2360
2619
2791
1571
2698
2474
2388
2507
2560
2752
2759
2844
2738
1950
2222
1461
1799
1259
2411
2467
1877
2263
2530
2388
2661
2476
1865
2881
1948
1684
2843
2486
1970
2665
2167
1571
2738
1268
1273
2797
1601
2785
1716
2109
1612
1705
2791
2728
1941
2328
2239
2434
2713
2115
2782
2036
2672
2240
2391
1461
2703
2270
2532
2513
2915
2468
2247
2782
2495
1865
2456
2102
2480
2372
2525
2498
1288
2251
2865
2843
2564
2384
2158
1701
1847
1476
1493
2746
1892
2620
2803
1707
2510
2810
2531
2791
2564
1702
2737
2809
1259
2231
2812
1704
2782
2823
2092
2158
2584
1892
1651
2746
1816
2601
2113
2852
2557
2092
2071
1927
2340
2513
1251
1855
2207
2149
1920
1861
2740
2826
2239
2032
1462
2503
2032
1629
1937
1695
2229
2437
2722
2679
2631
2608
2914
2350
1460
2614
2570
2850
2822
1344
2472
2155
2265
2672
2696
2500
2592
2690
2672
1759
2501
2859
2334
2754
1720
2440
2628
2610
2704
2191
2363
2637
2778
2115
1323
2761
2376
2728
2627
2460
2247
1869
2412
2243
2164
2768
1846
2776
1302
1265
2529
2611
2300
2780
2069
2522
1891
2539
1678
2843
2174
1915
2839
2820
2585
2650
2613
1945
2284
2065
1663
2163
2091
2536
2357
2417
2231
2689
2658
2330
2786
2843
2738
2263
1941
2261
2026
2029
2313
2181
2667
2340
1501
2095
2168
2566
2808
1398
2878
2522
1700
2266
2662
2098
2003
1659
2479
2819
2811
2775
1722
2162
2189
2659
2735
2853
2709
2532
2601
1494
2422
1810
2567
2455
2386
2161
2621
2480
2394
2558
1937
2820
2546
2559
2335
2175
1520
2755
2816
1693
2745
2587
2767
2850
2845
2006
2473
1328
2347
2300
1841
2479
2632
1708
2269
1652
2687
1638
2513
2083
2040
2193
1864
2745
2361
2741
2585
2549
2552
2438
2669
1493
2606
2363
2675
2196
1719
2179
1502
2849
1301
2278
2772
2830
2253
2618
2633
2250
2809
2759
2631
2783
1292
2259
2043
2752
1939
2679
1946
1622
2878
2538
1662
2233
2760
2623
2752
2504
2097
2601
2232
1609
1681
2381
2675
2728
1360
2452
1270
2244
1923
2339
2622
1920
1272
2058
2601
2790
2497
2872
2820
1330
2365
1993
1669
2626
2735
2439
1893
2875
2070
1263
1262
2533
2460
2737
2478
2937
2837
2241
2754
1490
2697
2252
2441
2847
1921
2752
2524
1635
2636
2796
2560
1393
2251
2435
1279
2072
2662
2811
1731
1706
2303
1777
2173
2675
1291
2779
2670
2486
2831
2399
2701
1349
2799
2281
2847
2824
2824
2521
2196
1790
1707
2683
2611
2736
2834
2632
1679
2395
2611
2704
2355
1994
1514
2141
1738
2523
2087
2280
1384
1310
2416
1658
2674
1484
2299
1441
2614
1865
2455
2560
2556
1975
2691
1568
2835
2788
2591
1409
2381
1924
2525
1705
2783
2021
2625
2381
2238
2587
2601
2576
2644
1751
2618
2503
1505
2001
2292
2861
2245
2818
2541
2307
1966
2534
2251
2837
2841
1871
2851
2000
2611
2580
2884
2803
2877
1879
2447
1667
2240
2402
1293
1406
2289
2775
2352
2850
2672
2939
2713
1893
2789
1266
1923
2565
1691
2742
2268
2788
2521
2868
2603
2290
2612
2239
2768
1699
2698
2782
2322
2745
2788
2779
2749
2842
1844
2132
2681
2054
2841
2754
2837
2757
2836
2541
1392
2528
2247
2672
1549
1720
2355
2743
2805
2082
2117
1556
1501
2269
1761
2229
2248
2154
1517
2821
2421
2758
2659
1489
2382
2686
2077
1935
2362
2147
2070
2832
2815
2477
2846
2550
2173
2374
2215
2693
2576
2704
2663
1520
2610
2437
2133
2342
2231
2218
2301
1673
1313
2480
2132
1740
2440
2110
1860
2689
2877
2863
1265
2580
2454
2728
1674
2521
2313
2583
2883
2666
2669
2433
2644
2138
2816
1277
1647
2099
2601
2793
2111
1743
2142
1649
2032
2795
2771
2675
1490
2726
1703
2243
1776
2608
2722
2060
2830
2142
2439
2633
2091
2736
2383
1866
2255
2375
2298
2176
2555
2865
1893
2706
2321
2544
1854
2362
2590
2048
1492
1276
2780
2776
2892
1718
2751
2227
2567
2678
2678
2453
1269
1900
2795
2160
2417
1974
2549
2797
2127
2294
1842
2230
2145
2467
1877
2187
1780
1282
1855
2539
2791
2588
2412
2119
1702
2435
2732
1667
2622
2590
2397
2535
2454
2010
2862
1412
2466
1334
2663
2526
1306
2426
1986
2132
2554
2037
1904
2495
1478
1869
2460
2470
2684
2088
2501
2050
2592
2388
2039
2189
1602
2664
1897
2742
2625
2076
1769
2256
2606
2737
2593
1656
2230
2079
1536
2747
2046
2414
2518
2267
2288
1276
2739
1440
2172
2095
1445
2279
2506
2624
2755
2346
2643
2777
2025
2428
1867
2669
2819
2576
2716
2022
2244
1891
2454
2111
2530
2538
1295
1656
2661
1486
2450
1633
2328
2077
2874
2706
2776
1259
2783
2682
2292
1568
1337
2027
1749
1683
2076
2662
1852
2643
1855
2203
2419
2476
2733
2332
2674
1670
1908
2039
2541
1738
2187
2584
2592
2231
2219
2248
2471
2716
2601
2464
2239
1708
2256
2487
2381
2041
1969
2086
2500
2627
2758
1976
2399
2529
1975
2271
2586
2335
2246
1967
1258
1308
2475
2752
1638
2542
1868
2331
2824
2684
1628
1994
1306
2264
1374
2293
2479
2650
2494
2238
2375
2768
1711
2661
2714
1754
2742
2113
1999
2768
2739
2238
1690
2222
2071
2369
2056
2085
2451
1800
2466
2362
2224
2238
2389
2601
2422
1820
2191
2399
2721
2099
2781
2587
2836
1408
2694
2101
1893
2391
2774
2799
2504
2248
2878
2126
2556
1744
2406
2402
2487
2494
2326
1259
2292
2460
2153
2357
2306
2674
1793
2843
2678
2359
2609
1940
2231
2662
2204
2251
2762
2076
2664
2297
1839
2129
1665
1687
2524
1925
2839
2843
1281
2147
2680
1297
1520
1518
2445
2829
2507
2845
2707
2410
1611
1272
2244
2566
2229
2047
2745
2082
2634
1419
1590
1866
2738
2571
2365
2772
2465
2682
2180
2819
1512
2785
2564
2195
1915
2691
2781
2390
2420
2733
2363
1841
2063
2846
2510
1542
1355
2823
2190
2613
2481
2451
2575
2740
2550
2194
1492
2234
2004
1759
1258
2466
1622
2667
2147
2673
2677
1942
2767
2433
2263
1892
2372
1514
2546
2840
2676
1970
2358
2378
2784
2319
2852
1944
2832
1539
2807
2463
2554
2269
2064
1439
2420
2274
2131
2501
2800
2113
2545
1707
2436
2803
2542
2762
1416
2284
2585
1769
2039
1859
2601
2286
2537
2119
1997
1898
2742
1584
2852
1297
2250
2264
2808
2735
2587
2765
1721
1278
2355
2140
2843
2826
2076
1330
2648
1426
2361
1842
2564
2581
2473
1452
2555
2621
1496
1434
1630
2829
2087
2179
2173
2666
2205
2026
2216
2645
2098
2873
2635
2758
2772
1335
2394
2817
2645
2224
2625
2464
2190
1915
2243
2230
1518
2577
1936
1271
1294
2425
2796
2351
2431
1756
2825
2299
2420
2613
2448
2453
2760
1521
1418
2296
1968
2149
1323
1294
2118
2036
2777
1907
2512
2636
2848
2572
2832
2240
2011
2319
2737
2628
1433
2722
2558
2358
2607
1906
2173
2462
1339
1255
2805
2461
2158
2767
2526
2209
2718
2381
2521
2601
2242
2643
2054
2696
2754
2254
2740
2568
2226
2469
2182
2799
1517
1892
1736
2205
2097
2606
1701
1617
1676
1746
2749
2242
2517
2497
2841
2190
1260
2790
2320
1859
2143
2376
1745
2141
2511
2623
2308
2019
2107
1511
2662
2368
2342
2411
2842
2392
2642
2083
2741
2704
2810
1404
2547
2835
2798
2355
2058
1876
1421
2683
2514
2620
2453
1530
2378
2379
2767
2850
2233
2749
2678
2554
2746
2168
2223
2123
2944
2191
2451
2538
2573
2617
2472
1319
2388
2113
2085
2593
2212
2431
2784
2576
2697
2613
2582
2286
1622
2805
2364
2282
2683
2877
2860
1933
1791
2462
2798
2485
2767
2308
2662
2220
2637
2745
2843
2406
2670
2224
2738
1346
2509
2525
1782
2093
1511
1892
2072
2672
2261
2535
2744
2610
2865
2064
2749
2248
2638
2262
2849
2090
2305
2610
2437
2425
1936
1478
1488
2273
2142
2707
2828
2617
2237
1404
2495
2601
1654
2802
2660
2768
2216
2646
2483
2762
2848
1991
1866
1340
2103
2528
2618
2375
1828
2741
2724
1553
1276
1491
1591
1302
2815
2767
2813
2633
2699
1914
1566
1275
2116
2242
2408
1758
2765
2752
2643
1701
2083
2697
2138
2418
2410
2611
2032
2422
2507
2066
2619
2267
2739
1608
2216
2589
2020
2540
1527
1776
2175
2676
2177
2321
2226
2642
2623
2622
1534
1453
2495
1648
1625
2722
2718
2784
2802
2389
2374
2553
2213
2307
2694
2856
1638
2025
2755
2742
2185
2247
2574
2258
1951
2503
2772
2793
1305
2787
2755
2764
1542
2744
2419
2466
2404
2357
2661
1904
2615
1952
2550
2744
2248
2368
1970
2242
2512
2085
1682
2823
2356
1407
1774
1325
2832
2795
1921
2106
1495
2405
2265
2299
2466
2844
2886
2846
1725
2531
1621
2065
2787
2266
2456
2366
2465
2187
2012
2775
2613
2522
2841
1846
2364
2569
2525
2316
2105
2675
2246
2158
2685
2470
2625
2373
2754
2261
2522
1955
2612
1763
2583
2536
2045
2049
1356
2357
2739
2768
2601
2831
2128
1360
2938
2601
2205
2771
2601
1892
2464
2821
2794
2391
2132
1570
2385
2453
2046
2678
2751
2158
2495
1921
2745
2690
1628
2286
2483
1252
2681
2699
2500
2549
2733
1467
2633
2365
2902
2560
2659
2838
1768
2336
2632
1311
2384
2388
2147
2761
2629
2263
1986
2662
2237
2128
2281
2719
2084
2486
1933
1550
2302
2727
2592
1541
2354
2878
2113
2404
2586
1392
1713
2817
2357
2767
2701
2775
2684
1962
2093
2831
2869
2637
2686
1590
2748
1757
1894
2045
2236
2721
2893
1748
2861
1631
2397
2385
2147
2506
2264
2826
2837
1277
2776
2124
1449
2539
2586
1431
2143
2883
2144
1461
1566
1695
2426
2843
2360
2586
2079
2882
1898
2849
1838
2461
2084
2431
2670
2418
2503
2185
1904
2680
2734
2609
2843
2672
2212
2610
1871
2822
2164
2735
2265
2285
2595
2182
1625
2303
2272
1449
2149
1665
2396
2388
2516
1372
1536
2669
2832
2825
2242
2582
2742
2717
2823
2846
2768
2413
1551
2621
2593
2218
2589
2612
2654
2849
2812
1314
2567
2613
2760
2854
2716
2565
2577
1720
1751
2628
2166
2242
2136
2509
2697
1516
1320
1979
2768
2306
2672
2607
1791
1647
1512
2712
1291
2479
1774
1258
1870
2739
2642
1518
2394
2613
2212
2379
2820
2216
2190
2227
2843
2236
2711
2226
2336
1845
2119
2322
1765
2535
2615
2690
2727
2774
2682
2452
2675
2471
1776
2161
2082
1894
2075
1785
2357
2462
2284
2124
1729
2295
1894
2300
1276
2752
2425
2857
2234
1293
2796
2573
2614
2334
2834
2875
2118
2214
1765
2194
1676
2663
1771
2000
2408
2734
2638
1614
2683
1138
2588
1678
2787
1785
2899
2167
2796
2457
2432
2236
2882
2758
2319
2543
2748
2518
1488
1295
2096
2424
2121
2511
1826
1683
2742
2143
2082
2481
2587
2782
1815
1788
2528
2735
1304
1554
2603
2133
2512
2089
2503
2869
2375
1806
1657
2285
1298
2224
2858
2369
2292
2589
2770
2443
2129
2505
1892
1869
1710
2422
2397
2481
2076
2063
2592
2629
2368
2034
2311
2430
2459
2733
2439
1514
2579
2382
2531
2643
2776
2540
1892
2864
2758
2097
1323
2534
2578
2592
1808
2820
2610
2294
2647
1998
2802
2334
2738
2269
2086
2509
1811
2297
2590
2147
1516
2537
1665
2669
2626
1401
1722
2454
2242
2760
2717
2153
2292
2714
2794
2508
2341
1754
2578
2355
2053
1596
2464
2383
1561
1730
1848
2226
2558
2054
2248
1542
2341
2521
1515
2660
1980
2751
2335
1273
2714
1705
2586
2236
2776
2761
2225
2592
2559
2521
2257
2582
2054
1775
2219
2507
2503
1949
2417
2256
2618
2433
1966
1942
2516
2029
2379
2332
2562
2417
2042
2812
2759
2607
2854
2850
1875
2268
2160
2531
2743
2580
2523
2618
2612
2138
2588
2758
1518
1670
1499
1510
1747
2447
2581
1810
1893
2820
2741
2682
2685
2601
2800
1285
1816
2545
2612
2350
2440
2768
2306
1500
2134
2705
1901
2328
2593
1261
2406
2601
2762
2873
2646
2082
2406
2417
1772
2663
2738
2794
2084
1756
2242
1505
1755
2418
1974
2725
2678
2467
1600
2719
2759
2279
2636
2637
2606
1384
2293
2643
2244
2878
1578
1857
1735
2223
1726
1762
2601
2768
2004
2835
1398
2176
2417
2761
2775
2751
2593
2083
1561
1991
1761
2587
1530
1772
2707
2232
1300
2286
2479
1551
2777
2576
2739
2218
1500
2481
1726
2428
2001
1999
2318
2286
2084
2293
2529
2781
1517
2448
2559
2417
1505
2601
2780
2383
2673
1727
2629
2431
2406
2093
1280
2620
2858
2718
1253
2295
2591
1293
2543
1549
2606
2588
2528
1441
1536
2753
2623
2340
1863
1518
2872
1790
2518
2603
2793
2025
1898
1894
2383
2413
2851
1656
2248
2466
2365
2452
2425
1578
2315
2089
2710
2047
1799
2438
2384
2329
2627
2658
2577
2838
2634
2180
1488
2559
2720
2272
2769
2246
2526
2312
2032
2172
1485
2871
2946
2300
1904
2865
1802
2553
2365
2251
2752
2699
2501
2175
2098
2580
2261
2437
2833
1497
2831
1893
1826
2521
2635
1920
2297
1818
2396
2397
2876
2221
2511
1793
1503
2061
2723
2621
1698
2690
2456
2413
1851
1578
1715
1273
2798
2556
1443
2253
1558
1327
1741
2753
2216
1641
2457
2806
1681
1518
1637
1578
1907
1942
1274
2446
1855
1458
2328
2344
1817
1394
2579
2451
2827
2090
2620
2488
1707
2776
2665
1287
2664
2172
1498
2918
1289
2105
2546
1691
2300
2759
2145
2509
2311
2145
2864
2374
1697
2368
2833
1587
2726
1999
2452
2156
2839
2818
2608
2939
1309
1874
2313
2121
2863
1983
2019
2301
2107
1659
1871
2752
2160
2664
2732
2872
2617
2255
2414
2875
1898
2615
2395
2176
2254
1698
2343
2588
1553
2770
2832
2762
2286
1708
2775
2313
2277
2818
2307
2775
1701
2306
2250
1921
2260
2879
2748
1826
1687
2088
2808
2824
2257
2662
2429
2259
1776
2880
2249
2261
2807
1520
2171
2724
2706
2405
2794
2493
2823
2753
2076
1775
2693
2529
1611
2613
2895
2617
2303
2450
2102
1673
2086
2307
2542
2861
2441
2862
2447
2704
2608
2537
2578
2802
1710
2880
1637
2203
2322
2418
2778
2761
2826
1941
2098
2222
1709
2365
2646
1772
1756
2588
2332
2774
1894
2822
2248
2718
2623
2878
1846
2790
2301
2267
1592
2310
2606
1494
2781
2603
2361
2064
1849
1661
2284
2215
2247
2443
2102
2193
2023
2706
2246
2036
2606
2095
1433
2389
1921
1560
1648
2707
2410
2322
2936
2314
1766
1985
2181
2422
1612
1430
2098
1968
1623
1965
2662
2503
2177
2324
2638
2638
2751
2324
2588
1803
2663
2853
2461
2189
1385
2802
1711
2109
2669
2385
2062
2869
2239
2470
2302
2424
2116
2790
2288
1419
2041
2740
2406
2012
1579
1765
2771
2727
1302
2867
2503
2781
2691
2305
2766
2355
2797
1715
2681
2509
2735
2143
1592
2696
1441
2230
2608
2679
2595
2082
2573
2069
2291
2611
1713
1414
2554
2431
2685
1695
1453
2355
1689
2151
1517
2796
1262
2585
2612
2634
1855
2631
2095
2460
2614
2482
2819
2733
2391
2240
1878
2235
2707
2237
2802
2723
2237
2842
2072
1684
2820
2110
2098
2295
2571
2292
2149
2246
2263
2107
2085
1722
2752
2544
2762
2612
2570
2383
2525
2843
2396
1670
2440
2683
2812
2152
2753
2521
2032
2363
2636
1580
2698
2090
1849
1802
1708
2729
2356
1947
2563
2208
2335
2584
1675
2358
2147
2530
2829
2457
2496
1927
2612
2322
1685
2714
2531
2247
2812
2392
2544
2363
1859
2362
2769
2780
2882
2859
1792
2790
2644
2713
2706
2172
2743
2718
2548
1614
2715
2628
2773
2165
2435
2611
2360
2850
1683
2625
2310
2403
2263
2601
2755
2823
1701
1865
2301
1556
2371
1659
2071
1313
2414
1659
2879
2277
2584
2218
1922
2512
2731
2158
2780
2236
2723
2664
2123
2664
2826
2530
2580
1704
1776
2546
2602
2218
1412
1993
2546
2367
2836
1970
2531
2608
2204
2618
2733
2412
2008
1867
2538
2831
2489
2837
2271
2659
2528
2443
2726
2605
2307
2610
1766
1644
1969
2556
2872
2532
2452
2561
2179
1943
2686
2266
2247
2925
2331
2210
2196
1907
2588
2754
2513
2583
1732
2248
2021
1795
2554
2764
2664
1499
2084
2537
2657
2867
1580
2662
2385
2502
1688
2206
2377
2788
2811
2841
2532
2374
1536
1250
1866
2587
2643
2675
2074
2633
1291
2319
2549
2558
2552
2118
2018
2573
1987
1783
2489
1621
1825
2688
2871
1573
2076
2111
2278
2644
2745
2077
1637
2789
2510
1840
2074
2746
2859
2610
2158
2733
1635
2746
2692
1670
1648
2842
2459
2630
2116
2775
2760
2769
2803
2129
1688
1650
1852
1418
2793
2302
1736
2342
2682
1578
1325
2637
2806
1583
2601
2233
2236
2005
2664
2255
2529
2846
1298
1487
2660
2108
2668
1309
2172
2430
1977
2830
2736
2610
1901
2675
2846
2235
2433
1854
1485
1698
2546
1411
1775
1823
2613
1916
2320
2727
2690
2769
2686
2043
2875
2602
1286
2668
2479
2856
2772
2355
2678
2338
2690
1806
2323
2142
1779
2565
2496
2854
2534
2625
2815
2679
2418
2079
1765
2742
1838
1928
2368
2669
2365
2631
2545
1946
2397
2172
2548
2502
2096
1703
2419
1734
1777
1394
2148
2233
2593
2393
1384
2183
2389
2434
2619
2560
2769
1352
2201
1838
1553
1858
2205
2777
2232
2425
2497
2604
2841
2686
2240
2233
2119
2189
2412
2876
2119
2019
2457
2809
2784
2719
2463
1869
1337
2587
2583
2626
2396
2758
2379
1714
2362
2844
2843
1580
2715
1922
2679
2533
1848
2505
2271
1877
1350
2505
2692
2375
2472
2744
2830
2683
2183
1799
2852
2428
2622
2750
1320
2138
2226
2529
2662
2866
1942
2590
2284
2103
2707
2569
2339
2179
2509
1506
2410
1512
1302
2662
2362
2274
2877
1757
2380
2189
2104
2111
2428
2620
1749
1984
1688
1344
2886
2254
2774
2141
1583
2612
1495
2757
2582
1643
2587
1595
2387
2539
2690
2512
2306
1287
1945
2170
2476
2146
2517
2605
2761
2435
2818
1923
2123
2097
1750
1287
2248
1644
2248
1582
2303
2541
2675
2605
1551
2467
2249
2161
1878
2558
2825
2305
1828
2611
1579
2703
2790
2481
2418
2548
2320
2775
2803
1257
2762
2372
2079
2069
2311
2092
2435
1754
1925
2886
2750
2395
2570
1806
2294
2743
2542
2797
2224
2354
2548
2550
2365
2582
2608
2775
2353
2618
2441
2753
1201
2728
2050
2223
1575
1729
2785
2161
2708
2148
2173
2272
1540
2588
2496
1262
2542
2192
2613
1969
2751
2424
2423
2647
2692
1874
2163
1490
2820
2601
1439
2089
2608
2039
2256
2573
2190
2089
2744
2540
1714
2646
2089
2751
2580
2569
2721
2284
1286
2506
1798
2738
1439
2003
2216
2669
1894
2497
2821
2637
1505
2255
2771
2477
2602
1700
2755
2241
2608
2905
2173
1565
1694
2718
2393
2255
2620
2301
2581
2474
1601
2741
2400
2544
2737
1892
2797
2426
2377
2167
1894
1493
2743
2102
1704
2715
2375
2827
2317
2894
2711
2457
1700
1654
2518
1894
1610
2429
2211
2520
2523
2548
2240
2098
2619
2601
2509
2519
2540
1399
2320
2538
2235
2202
2159
2005
2573
1803
2717
2756
2020
1920
1948
2230
1742
1519
2782
2439
1508
2150
1637
2363
1361
2643
2371
2161
1585
2448
2739
2286
1794
2606
1856
2272
2739
2889
2370
1811
2279
2663
2540
2586
2726
1254
2611
1776
2728
1904
2812
2574
2716
1783
2877
1731
2028
2263
2721
1963
2781
2377
2819
2734
2371
1324
2277
2089
2850
2845
2418
2669
2416
2361
2663
2606
2312
1508
2832
2554
2831
2737
1623
2251
2856
2831
2224
2004
2567
2107
2293
1873
1720
1616
2664
2665
1765
2114
2618
1477
2858
2793
2162
2522
1577
1638
2320
2538
2414
1627
2857
2540
1462
2294
1959
1286
2665
2460
2397
2637
2696
2247
2076
2592
1684
2631
2918
2662
2811
2513
2405
2580
2929
1852
2669
2289
2381
2240
2367
2611
2435
2745
1877
2055
2223
2736
2722
2005
1495
2673
2781
2593
2574
1891
2849
1683
2285
1914
2435
2646
2368
2237
1422
1282
2813
1310
2771
2712
2552
2858
2371
2500
1330
2834
2771
2315
2789
1647
2030
1734
2690
1795
1867
2091
1790
2237
1590
1265
2537
2799
2561
2894
2781
2662
2608
2623
2830
2105
2749
2475
2677
2580
2701
1932
2737
1434
1260
1765
2538
1676
2865
2300
1287
2613
2371
2552
2486
2399
2496
2831
2566
2180
2487
2254
2253
2748
2522
1646
2686
1782
2075
2110
2510
2459
1669
2360
1562
2485
2845
2601
1292
1285
2536
2542
2802
1598
2867
2237
2087
2508
2130
1857
2389
2446
1983
2455
2134
2567
2000
2521
2839
1271
2592
1945
2779
2006
2336
1830
1451
2580
2151
2172
2078
1991
2765
2456
2287
2032
2168
2291
2441
2613
1398
2375
2020
2287
1602
2040
2612
2677
2090
2750
2424
2508
2548
2154
2618
2512
2627
2717
2227
1895
2246
2298
2784
1342
2583
2422
2279
1500
2530
2291
2540
2828
2715
1777
2457
2559
1330
2872
2663
2076
1707
2567
2154
1904
2761
2373
2452
2183
2669
2607
2830
2725
1873
2884
2540
2872
2612
2613
1708
2572
2344
2374
1340
2057
1963
2735
2903
1901
2087
2660
2608
2836
2586
2612
2753
2531
2259
2590
2524
2348
2668
2738
2860
2829
2585
2092
2832
2605
1824
2068
2460
2792
2823
2134
2761
2361
1491
2081
2123
2318
2210
1700
2585
2659
2530
2448
2309
2559
2140
2476
1900
2627
2834
2614
2473
2292
2657
2215
2532
1906
2447
2768
2261
1766
2144
2328
2515
2031
2609
2253
2294
1898
2223
1246
2431
2520
2277
2445
2007
2550
2095
1931
2240
2108
2200
2870
1692
2684
2436
2664
1485
2919
2553
1802
1947
2086
2740
2856
2714
2378
2768
2389
2572
2274
2384
2769
2418
2228
2768
2837
2783
2619
2516
2048
1252
2482
2532
2303
2647
1870
2096
2634
2777
1384
2825
2864
2627
2121
1907
2064
1577
1473
2305
2309
2504
2779
2001
1861
2845
2361
2740
2470
2255
1811
2565
2612
1757
2325
1907
1898
2053
1672
2725
2659
2352
1985
2002
2424
2809
2574
1789
2874
2025
1809
2451
2256
2822
2297
2613
2396
1559
2795
2406
2247
2118
2619
2645
2374
2540
2508
2368
2838
2435
2601
2367
1813
1374
1915
2545
2282
1790
2784
2751
2244
2584
2360
2580
2419
2072
2265
2881
2695
2263
1497
2836
2777
1345
2290
2783
2479
2070
2523
2606
2768
2469
2618
2515
2368
2262
2805
2114
1520
2893
2060
2575
2517
1638
1875
2228
2584
2742
2219
2395
2356
2395
2877
2573
1282
2167
2075
1707
2404
2782
2242
2841
2748
2208
2794
2844
2475
2729
2634
2181
2362
1948
2062
2768
1961
2481
2443
2818
2116
2210
1615
1377
1313
2368
2565
2376
1877
1491
2592
2377
2284
1701
2555
2585
2271
2483
2535
2634
2090
2635
1408
1511
1594
2209
2707
1264
1522
2373
2695
2821
2019
2292
1621
2028
1927
2867
2875
2522
2738
2439
2229
1511
2865
1875
2792
2070
2626
2642
2527
2576
2368
2500
1836
2560
2726
2261
2228
1566
2119
2593
2315
2277
2724
2668
2446
2030
2425
2098
2532
2825
1550
1721
1431
2145
2633
2358
1940
2783
2675
2507
1455
2311
1842
2171
1266
2433
2294
2291
1478
2789
2150
2523
2521
2002
2164
2742
2503
2456
2147
2320
2448
1299
2785
1964
2131
1291
2720
2716
1764
1957
1423
2678
2132
2285
2747
1860
2617
2369
2388
2837
2480
1285
2806
2459
2739
2603
1832
2500
2259
2800
2755
2019
1324
2606
1554
2627
2206
1265
2830
1298
2765
1451
2733
1567
2567
1688
2368
2188
2710
2070
1867
2543
2499
2034
2784
2291
2137
2389
2570
2797
1784
2691
2376
2857
1477
2459
2764
1650
2611
2479
1638
2162
2525
2368
1301
1342
1643
1476
2232
2504
2469
2455
2541
2682
2556
1732
1267
2586
1769
2839
2627
2384
1258
2754
2424
2606
2825
2853
2076
1756
2389
2070
2158
2749
2884
2233
2103
1305
2468
2541
2753
1720
2707
1286
2549
2081
2760
2833
2161
2188
2233
1632
2172
2676
2802
2530
1813
2618
2538
1892
1997
2536
2117
2811
2427
2638
2542
2330
2558
2713
2674
2625
1268
2431
2395
1651
2786
2443
2037
2638
2414
2843
2389
2801
2740
2667
2405
2593
1701
1812
2349
2719
2713
2514
1324
2833
2733
2267
2612
2838
2749
1584
2117
2520
1789
2531
2481
2811
2390
2612
2721
2660
1865
2397
2380
2471
1374
2613
1625
2399
1506
1483
2662
2300
2194
2638
2750
2343
2389
2722
2664
2231
2814
2724
2476
2716
2247
2852
2605
1263
2579
2607
2570
2467
2616
2718
2660
1510
1981
2883
2790
2643
1904
1960
1869
2440
2040
2515
2560
1509
2669
2461
1670
1949
2747
1516
1431
2205
2034
2310
2251
1782
2480
2858
1484
2631
2865
2825
2543
2807
2674
2840
2709
2269
2676
2280
1615
2683
2321
1497
2665
1891
2580
2319
2562
1825
2741
2677
2338
2605
2547
2331
2284
2381
2886
2453
2107
2646
2839
2355
2509
2725
2104
2611
2718
2714
2793
2689
1753
1558
2279
1606
2613
2860
2542
2452
2000
2875
2679
2689
2619
2591
1596
2502
2053
2565
1861
2382
2589
1269
2607
1738
2228
2002
2628
2086
2055
2677
2383
2068
2476
2481
1765
2812
2684
2828
2230
2677
2427
1744
2371
2613
2174
2427
2747
2292
2255
2262
1923
2426
2507
2486
1724
1854
2240
2065
2216
2563
2151
2742
2711
2237
2715
2215
2788
1642
2624
2798
1638
2485
2609
2188
2495
2617
1731
2834
2375
2241
1764
2825
2231
1498
2486
2433
2773
2160
2744
1893
2282
2460
1779
2554
2027
2818
2480
2441
2748
2237
2099
1511
2847
2874
1684
2291
2550
2786
2682
2621
1518
1781
2574
2843
2312
2016
2089
1542
2390
2199
2393
2822
1729
2498
2690
2453
2372
1365
2329
2753
2624
2616
2325
1901
2517
2759
2611
2628
2201
1578
2474
2539
2512
2672
2410
2852
2767
2506
2068
2286
2263
2834
1581
2698
2483
2381
1625
1957
2502
2422
2907
2374
2690
2553
1964
2526
2464
2723
2085
2556
2836
2602
2699
2078
2745
1787
2746
1792
2193
2546
2741
1764
1851
2498
2210
2686
2538
1942
1901
2313
2128
2368
2340
1949
2329
2267
1852
2497
2537
2057
2679
2448
2062
1921
2511
2208
2443
2770
2602
2810
2005
2503
2459
2366
1492
2705
1687
1667
2417
2152
2847
1328
2872
1306
2269
2387
2861
2313
2519
2393
2326
1844
2325
2800
2247
1870
2333
2850
2313
2284
2604
2270
2252
2073
2594
1315
2432
1942
1994
2733
2690
2868
1869
2214
2612
2871
2812
1751
2075
1280
2360
2167
2185
2188
2705
1853
2034
2858
2625
2771
2292
2160
2585
2618
2053
1320
1786
2524
2624
1347
2514
2448
1740
1439
1528
2273
2460
2224
2648
2192
1703
1638
2247
2248
2227
2358
2570
1962
2726
2285
2030
1257
1316
1390
2468
2043
1989
1765
2188
2643
2224
2810
1823
2842
2482
1251
1730
2590
2601
1426
2881
2112
1517
2900
1919
1678
2862
2503
2362
2446
2461
2473
2298
2235
2666
2785
2761
2445
2041
2808
1987
1741
2682
1806
2626
1817
2253
2535
2816
2739
1754
1500
2712
2385
2717
2778
2268
2267
1843
2762
1718
2247
2844
2223
2476
1501
1852
2486
2431
2108
2680
1491
2743
2103
2513
2216
2322
2772
1709
2437
2025
1432
2882
2627
1334
2705
2810
2248
2356
2369
2320
2318
2812
2678
2859
2677
2636
2624
2520
2355
1297
2842
1785
2611
2223
2582
2607
1987
2158
2005
1538
2312
1717
1750
2390
1445
1770
2556
2503
1482
2361
2232
2697
2553
1643
1306
2142
1892
2182
2528
2403
2042
2881
2821
2070
2891
2303
1644
2795
1373
1411
2553
1584
2359
2804
2123
2428
2780
2358
2328
2310
2482
2504
2870
1648
2455
2121
2452
2825
2253
2721
2550
2589
2604
1750
2637
2310
2104
2748
2019
1923
2733
2777
2328
1764
2487
2810
2606
2819
2528
2299
2834
2381
2475
2791
2794
2587
2621
2097
2544
2607
1916
1768
2840
2521
2713
2536
2404
2815
2845
2631
2744
2215
2363
2156
2618
2553
2895
2853
1635
2352
2789
2499
2521
1370
2857
2820
2582
2397
2883
2775
1705
1859
2774
1510
2550
2519
2512
2836
1638
2647
2541
2231
2611
2810
2457
2288
2794
2248
1677
2675
1769
2870
2638
1275
1636
1844
2725
1867
2032
1671
2701
1957
2453
2850
2224
2230
1325
2622
2757
2235
2697
1606
2405
2611
2095
1510
2664
2775
2834
2069
2616
2643
2179
2386
2699
2187
2613
2588
1897
1879
2773
2508
2417
2532
2537
2372
2580
2291
2484
2601
2141
2736
2526
1302
2607
1904
2460
2503
2117
2755
2703
1719
2862
1517
1839
1426
2053
1641
2578
2606
2388
2733
2679
2026
2298
2306
2816
2273
2227
2286
1552
2506
2350
2101
1517
1638
2519
2322
2023
2236
1999
2672
2634
1369
2626
2584
2272
2419
2701
1518
2584
2719
1954
2319
2796
2158
1935
2343
2840
2842
2756
2792
2554
2786
1836
2675
2316
2796
2365
2111
2206
1801
2587
2536
2788
2119
1674
2235
1782
2725
2191
2245
2692
2185
2820
2047
1904
1716
2836
1511
2307
2772
2843
2779
2601
2188
2826
1674
1863
2333
1448
2618
2612
1755
2421
1803
2417
2697
2743
2587
2120
1868
2873
2101
2467
1770
2798
2090
2055
2603
2604
1829
2440
2439
2880
2645
2216
2285
2847
2861
2344
1293
2570
2433
2900
2614
2667
2428
2274
1955
2549
2486
1273
2527
2290
1295
1517
2659
1498
2645
1755
2771
2453
2165
2682
2316
2549
2629
2594
2407
2227
1798
2237
2809
2485
1643
2308
2762
2914
2747
1496
2636
1672
2742
2546
1998
2435
2054
2425
2242
2388
2831
2638
2611
2836
1663
2264
2280
2522
2098
1631
1508
2485
1279
2082
1498
1948
2110
2394
2303
2660
1866
2864
1922
2663
2406
2867
2900
1708
2471
1936
2607
1753
2768
2839
2373
2523
2277
2534
2049
2515
2476
1323
2499
2315
2800
2919
2611
2529
2608
2775
1761
2425
2340
2535
2273
2540
2586
1472
2222
2592
2662
2040
2867
2791
1733
1467
1462
2070
2133
1291
2626
1800
2534
2523
2381
2277
2501
1295
1786
1257
2810
2736
2779
2594
2709
1256
2811
1300
2580
2550
2076
2439
2601
2746
2539
2212
1859
2561
2752
2162
2237
2482
2483
2606
2512
1313
2836
1128
2739
2790
2870
2158
2560
2539
2293
2384
2226
2558
2221
2454
2683
1779
2833
1577
1991
1916
2693
2803
1815
1566
2678
2573
2522
2045
2718
2560
2861
1682
1487
1793
1628
2389
2022
1555
2602
2165
2302
2775
2839
2646
2566
1690
2675
2041
2582
2875
2145
2432
1587
2453
2593
2265
2621
1312
2747
2338
1362
2638
2298
2071
2007
2546
2113
2239
2710
2733
2574
2497
2748
2749
1253
2166
1568
2071
1893
2038
2168
2601
2414
2705
2688
2183
2827
2321
1444
2840
2382
1950
1949
1740
1422
2196
1768
1855
2659
1868
2705
2353
1992
2825
2395
2154
2295
2812
1306
1807
2242
2358
1645
2615
1662
2929
1271
2588
2856
2830
2862
2875
2492
2486
2084
2420
1279
2481
1657
1808
2246
2843
1665
2739
2567
2817
1491
2730
2780
2443
1931
2224
2567
1732
2264
2611
1433
2116
2811
2048
2828
2585
1769
2200
2251
1915
2705
2107
1599
2535
2215
2326
2840
2455
1892
2820
2453
1770
2452
1569
1813
1323
2363
2077
2263
2350
1854
2782
1687
2645
2027
2770
2219
2663
2611
2469
1370
1692
2585
1510
2431
2670
2175
2851
2541
2676
2078
2233
2557
2247
2847
2903
1463
2824
2127
2733
1476
2307
2248
2766
2634
2718
2601
2274
2836
1676
2858
2670
2219
2884
2850
1914
2624
2167
2543
1778
2875
2494
2242
2257
2252
2741
2849
2756
2503
2866
2365
2836
1553
2442
1619
2810
2454
2242
2881
2452
2557
1806
1854
1612
2095
2893
1721
2288
2858
2439
1716
2027
1287
2473
2685
1810
2501
2796
1878
2784
2374
2837
2664
2583
2051
2178
2758
2611
2163
1808
2728
2582
2796
2543
2482
2602
2209
2306
2248
2836
2919
2705
2445
2048
2223
2100
2683
2009
2203
2546
2500
1597
2737
2506
1855
2743
2454
2431
2705
2302
1876
1914
2840
2124
2638
2442
1999
1864
2229
2081
2744
2601
1850
2481
2719
2299
2481
1508
2610
2677
2418
1965
1535
2637
2782
2748
1495
2102
2141
2735
1558
2177
1927
1771
2637
2775
1776
2088
2536
1285
2226
2000
2670
2571
2582
2841
2746
2146
2139
2421
2325
2420
2391
2787
2560
2742
2229
1677
2452
1997
2189
2516
2425
2488
2222
2845
2543
2375
2745
1802
2502
1917
2259
2368
2408
2607
1736
2790
2235
1991
2451
2725
2873
2532
2573
2659
2677
1894
2592
2681
2568
2389
2744
2553
1904
1858
2531
2604
1874
1915
1795
2521
2760
2439
1280
2585
2579
2245
2003
1285
2487
2549
2629
2845
2524
2787
2678
2804
2507
2669
2630
2792
2456
2845
2833
2106
1797
1290
2719
2532
2847
2204
1667
2868
1957
2284
2587
1433
2256
1774
2189
2117
1484
2085
2557
1273
2231
2496
1485
2588
2758
2747
2261
1457
1666
2817
1964
1660
2790
1765
2523
2820
2220
2733
2298
2541
1818
1517
2524
1298
2266
2327
1900
2502
2519
1292
2712
1506
2858
2555
2824
2501
2690
2769
2267
2295
2055
2833
2605
2677
2181
2263
2556
2303
2870
2409
2661
2314
2306
1700
2242
2846
2733
2478
2308
2158
2827
2656
2153
1701
2849
2420
2229
2366
2624
2529
2235
2836
1494
2042
2638
1904
2841
2833
2539
2202
1992
2552
2418
1418
2882
1927
1257
2239
2248
1429
2848
1796
1826
1597
2839
2878
2497
1992
1239
1336
1709
2431
1354
2106
1280
2238
2666
2289
2265
1265
2392
2254
2169
1457
1953
1758
2463
2637
2154
1438
2511
1516
2035
2759
2703
2171
1636
2231
2518
1568
2344
2782
1816
2159
2826
2693
2741
2579
2780
2391
2564
2483
2839
2781
2863
1447
2740
1419
1433
2613
2243
2094
2098
2669
2620
2065
2339
2000
2400
1792
2514
2203
2440
2612
1794
1659
2480
2576
1579
2131
2231
2013
2274
1392
2569
2156
2751
2878
2447
2007
2428
1702
2591
1468
1934
2273
2138
2750
1866
2619
2472
2332
2626
2638
1617
1938
1341
1270
2734
2732
1701
2220
2606
2054
2672
2184
1700
2525
2160
2225
2830
2372
1298
2871
2372
2712
1510
2740
2368
2523
2404
2092
1457
2882
2558
2491
2785
1730
1853
2119
2741
2546
1734
2753
1675
2834
2618
2519
2553
2788
2806
1855
2462
2786
2771
2638
2236
2054
2712
1955
2089
2364
2078
2730
2720
1860
2666
2084
1455
2719
2523
2613
2204
1386
1859
2567
2810
2580
2899
2550
1786
2428
2284
2734
1566
1879
2279
2810
2120
2411
2733
2247
2501
2235
2530
2825
1675
1729
1504
2623
1875
2223
2752
2610
2850
2558
1504
2740
2608
2462
1937
1749
2160
2582
2623
2035
1755
2696
2143
1524
2250
2385
2759
2688
2536
2215
2388
2696
2010
1682
1942
2251
2509
2227
2741
2161
2449
2662
2637
2090
2865
2586
1871
2819
2516
2873
1669
2719
2525
2145
2619
2816
2805
2430
1364
2566
2277
2832
2361
2497
2836
1587
2286
2882
2698
2734
1985
2352
2218
2558
2825
2808
2104
1499
2818
2870
2578
2581
2310
2769
2166
2868
2582
2749
1799
2319
1615
1252
2180
2620
2244
2477
2725
1252
2782
2302
2386
2095
2064
2809
2819
2362
2090
2332
2430
2407
2880
2866
2090
2793
2460
2452
2586
2086
2131
2105
2183
2544
2770
2732
1739
2606
1800
2579
1517
2573
1264
1517
2558
1587
2631
2351
2807
1286
2092
2158
2364
1288
1992
2417
2823
1780
2615
2735
1897
1623
2677
2081
1780
2429
1586
2608
2844
1529
1789
1568
1761
2140
1401
2368
2497
2454
1378
1736
1985
2725
2548
2448
2755
2747
2089
2795
1687
1445
2082
2627
2783
2383
2510
2087
1791
2610
1462
1765
2795
1458
2362
1683
2511
2098
2314
2840
2116
2456
2334
2772
2268
2355
2601
2227
2364
2628
2250
2686
2455
2355
1502
2236
2686
2461
2242
2097
2753
2504
2614
2546
1761
1985
1584
2387
2361
1862
2817
2694
2191
2853
1331
2617
2683
2743
2634
2408
2714
2816
1581
2595
2523
2414
1863
2146
2727
1850
2579
2700
2155
2666
2842
2543
2286
1509
2537
2689
1748
1258
2421
2524
2745
1915
2223
2328
2343
1583
2679
2806
1955
2479
2664
2755
1908
1934
2246
2498
2365
2586
2332
2817
2469
1818
1938
2707
2432
2834
2479
2848
1723
1307
1515
2588
1906
2013
1942
2515
2397
1583
2591
2737
2601
1774
2526
2720
2696
2780
2750
1956
2481
2262
1372
1907
1496
1325
2266
2356
2247
2455
1496
2786
2241
1897
2323
1565
2002
2766
2829
2715
2314
2420
2536
2664
2842
2733
2100
1788
2140
2779
1382
2441
1980
2606
1906
2568
2465
2848
2612
2810
2877
1722
2408
2766
2740
2634
2506
2465
2791
2835
2835
2628
2270
2666
2733
2774
2560
2749
2777
2676
2681
2675
2260
1515
2761
2674
2812
2542
2789
2591
1901
2585
2830
2410
2602
2376
2645
1572
2815
2515
2658
2594
2204
1725
2307
2547
2886
1439
2265
1582
2095
2886
2532
2405
2498
2410
2433
2632
1740
2733
2577
2567
1469
2523
2236
2359
2824
2404
1685
2362
2495
2876
2114
2555
2831
1265
2520
2158
2243
2449
2662
1727
2272
2772
1924
1428
2529
2783
2510
2493
1455
2491
2583
2840
2648
1666
2771
1998
2365
2854
2369
2733
2613
2833
2543
2580
2160
2008
1717
2587
2629
2451
2320
2701
1306
2169
2364
2719
1827
2794
1631
2289
2539
2621
1894
2500
2278
1292
2549
2831
2361
2619
2852
1692
2363
2729
2669
2809
2621
2621
1872
1427
1670
1372
2328
1278
1529
2550
1941
2412
2675
2503
2557
2745
2245
2589
2752
2841
2659
2601
2848
2389
2199
1838
1753
1761
2385
1481
2677
2719
2839
2684
2268
2851
2456
1846
2775
1730
2333
1656
2005
2809
2734
2019
2648
2609
1780
2389
2740
1681
2686
2271
2363
2632
2427
2201
2087
2254
2329
2306
1602
2795
1863
2560
2003
2857
2868
2541
2590
2025
2511
1693
2533
2543
2386
2236
2787
2572
2455
2242
2134
1901
2617
1499
2806
2271
2090
1477
2076
2687
2317
2287
2816
2620
1263
2601
2190
2732
1374
1776
1627
2221
1809
1434
2590
1726
2178
2127
2286
1751
2542
2522
2310
1635
2432
2779
2819
2845
2177
1799
2759
2356
2474
1859
2334
1300
2805
2484
2854
2533
1825
2382
1981
1641
2181
1337
2773
1490
2541
2406
2175
2501
2343
2370
2681
1869
2396
2733
1892
1981
2379
2741
2152
2068
2086
2880
2677
2747
2813
2877
2540
2241
2453
2801
2268
2247
1816
2701
2136
2747
2108
2381
2620
2313
2803
2613
2392
2869
1675
2867
2219
2843
1419
2521
2228
2932
2669
2057
2812
2297
1654
2386
2904
2739
2272
2016
2726
2814
2666
2363
1322
2643
2561
2623
2573
2487
2660
2519
2555
2237
1950
2810
2659
2001
2587
2816
2280
2417
2797
2732
2083
2113
2617
1346
1638
2673
1863
2631
2591
1324
2615
2537
2455
2704
2858
1587
2863
1930
2313
2461
2453
2521
2073
2087
1812
2353
2224
2082
2503
2832
1257
2868
2374
2375
2102
1776
2525
2052
2768
1383
2669
2602
1758
1436
2825
1630
2052
2832
2691
2090
2683
1861
2759
2582
2195
2881
1672
2601
2845
1422
2159
1916
2869
2307
2605
2465
2293
2095
2475
2368
2407
2595
1936
2403
2470
1665
2439
2366
1517
2469
2253
2851
2470
2005
2846
2212
2118
2558
2367
2741
2665
2233
2382
1776
2368
2821
1527
2299
2559
1440
2128
2860
2085
1309
1947
1309
2106
2838
2542
1762
1851
2917
1783
1872
2341
1939
2589
2091
2777
2578
1560
1949
2216
2851
2727
2732
2369
2584
2677
2637
2306
2635
2627
2221
1765
2436
2083
2676
2113
2376
2139
2812
2552
2168
1623
2580
2771
2676
2573
2339
2796
1774
2747
2638
2852
2486
2288
1611
1974
2812
2871
2881
2121
2034
1873
2625
1467
2326
2716
2780
2690
1515
2593
2881
2755
1584
2506
1935
2512
2883
2277
2638
2089
2789
2732
2742
1872
1854
2383
2784
1810
1784
2869
1518
2516
2078
2815
2565
2757
2370
2290
2256
2604
2733
1276
2506
2860
2374
2454
2536
1602
2776
2318
2856
2395
2685
2732
2047
1982
2638
2529
2420
2659
2070
1642
2706
1658
1984
2306
2473
2529
2580
2861
2809
2265
2323
2740
2331
2844
2633
2607
2288
2840
2118
1267
1967
2696
2789
2002
2159
1641
1561
1331
2229
2113
2593
2638
2356
2519
2778
2747
2578
2166
2732
2039
2027
2544
2349
2654
2761
2871
2110
2402
2619
2851
1543
1291
2648
2383
1491
1489
2592
2536
2762
2851
2523
2659
2240
2730
2266
2784
1548
2090
2843
2592
1416
1504
2693
1333
2158
1404
2615
2324
2230
2140
2409
1980
1991
2060
2697
2675
2617
2246
2738
2593
2573
2564
2607
2355
2659
1331
2773
2452
2804
1435
2085
2566
2290
2664
2789
2672
2744
2308
2422
2438
2142
2472
2434
2001
2265
1516
2661
2011
2389
2609
2753
2049
1731
1510
2508
1767
1857
2698
2820
2548
2724
2601
2436
2204
2317
2730
2738
2713
2811
2616
2153
2358
2552
2774
2246
2661
2830
2761
1662
2347
2522
2733
2556
2247
2742
1358
2565
2805
1724
2768
1837
2733
2830
2873
2195
2258
1521
2618
2793
2645
2569
2661
2779
2662
2663
1853
1540
2321
2183
2567
2754
2631
2141
1257
2566
1868
2421
2677
2734
2601
1318
2132
2271
2593
1904
1683
2646
2382
2232
1893
2579
2397
2231
2417
2744
2829
2417
2456
2419
2538
2760
2843
2626
2298
2382
1984
2820
1664
2464
2609
2772
2622
2701
2673
2542
2840
2076
2675
1988
2663
2303
2379
1391
2747
2744
2018
2675
2613
2618
2482
1722
1633
2564
2482
2843
1260
2184
2085
1515
2494
1280
2874
1992
1534
1865
2451
2328
2272
2797
1252
2083
2862
2786
2539
2864
2817
2586
2447
2246
2762
2356
2171
1818
1934
2589
2481
1866
2434
2281
2480
1762
2648
2777
2711
1638
2224
2434
2775
2266
2180
2327
2116
2601
2736
2395
2340
2524
1946
2362
2531
1761
2480
2554
2659
2606
1709
2141
2601
1723
2809
2634
1642
2316
2788
2644
2504
2181
1317
2732
2813
2729
2638
2590
2452
2754
2225
1340
1857
2676
2349
2272
2370
2739
1576
2718
2611
2675
2005
2325
2194
2858
2610
2825
2223
2128
2479
2044
2284
1570
2140
2813
2588
2195
2492
1466
2153
2485
2363
1445
2298
2570
2602
2848
1273
2375
2248
2382
2091
2441
2679
2816
2706
2404
2747
2381
2547
1796
2513
2692
2046
2220
2096
1805
2734
2627
1636
2254
2085
2850
2809
2745
2295
2826
2293
2771
2618
1363
2790
2546
2226
2740
2677
2771
2021
2696
2370
2704
2611
2332
1298
2476
2227
1733
2795
2220
1601
2583
2371
1596
2527
1471
2280
1892
2189
2719
2479
2417
1467
2631
2634
2575
1710
2705
2179
2666
2124
1933
1994
2234
2781
2586
2758
1770
2518
2229
2408
2840
2284
1614
2617
1789
2355
2281
2030
1719
2804
2107
2382
2578
2160
2838
2216
2249
2691
1783
2659
1644
2095
1942
2417
2787
2302
2368
2012
2256
2473
2809
2796
2488
2557
2301
2813
1711
2611
2519
1688
1498
2776
2376
2462
2856
1507
2499
2297
2103
2176
1397
1769
2268
1464
2137
2358
1644
2579
2880
1676
1878
2529
2726
2106
1818
1901
2133
2557
2423
2790
1692
1504
2721
2406
2818
2699
1485
2825
1716
2422
1681
1526
2222
2519
1836
1765
2579
1726
1897
1986
2224
2497
2744
2611
2878
2562
2731
1579
2270
2553
1879
2452
2247
1961
2774
2536
2776
1433
2402
1279
2877
1316
2666
1872
2589
1866
1869
2677
2553
2856
2800
2646
2436
2300
2231
2222
1866
2510
2658
2739
2725
2161
2381
2554
2805
2553
2784
2164
2688
2035
2492
2304
2336
2521
2590
2784
2253
2829
2311
2740
2749
2482
2431
2586
2238
1324
2467
2886
2606
2242
2209
1712
1569
2768
2131
2201
1327
2873
2131
2581
2496
2424
2430
2767
2233
2818
2712
1512
2502
2355
1656
2682
1447
2565
2254
2228
1755
2068
2854
2577
1334
1713
2842
2881
2396
2810
1540
2101
2809
2854
1816
2559
1334
2661
2385
1253
2882
2298
2431
2618
2374
2618
2611
2247
2504
2149
2707
2138
2850
2441
2453
2562
2759
2257
1788
2007
2247
2134
2613
2519
2165
1288
2845
1712
2749
2758
2538
1861
2134
2423
1825
2255
2662
2439
2537
1594
2676
2255
1723
2358
1611
1715
2271
2847
2373
2083
2706
1832
2068
2761
2237
1466
2698
2566
2666
2608
2358
2696
1398
2837
2047
1483
1935
2160
2317
2075
2218
2500
1572
2544
1573
2707
1549
2542
2371
2446
2449
2526
1312
1707
1791
2074
2252
2605
2105
2419
2690
2601
1867
2817
2527
2611
2715
2543
2753
2487
2103
2097
1727
2332
2054
2451
1558
1938
2472
2310
2288
2122
2117
1703
2758
2478
1733
2468
2027
2761
2325
2794
2467
2138
1470
1273
2513
2863
2687
2738
2826
2153
2873
2120
2609
2355
1455
2754
2267
2840
2146
2828
2361
2382
1491
2298
2369
2817
2558
1843
2319
1357
2188
2236
2181
1621
2762
2613
2841
2528
2318
1284
2308
1505
2176
2235
1636
1669
1809
2711
2861
2613
2773
2509
1785
1519
2593
2411
2922
2516
1767
2508
2790
2743
2661
1535
2868
2165
1704
2544
2699
2571
2363
2087
2592
1652
2633
2214
2488
2635
2817
2808
1338
2633
2038
1594
2497
2488
2225
2839
2381
2644
2801
2062
1763
2089
1277
2801
1428
2376
2875
1745
2392
2263
1988
1854
2434
1989
1624
2601
2594
1314
2871
2005
1767
2557
1789
2751
2737
2807
2750
2277
2461
1894
1660
2817
1801
1258
1998
2468
2121
2760
2137
2403
1479
1778
2780
1764
2584
2643
1482
1779
1730
2754
2494
2625
2922
2173
1714
1510
2102
1677
2362
2287
2370
2037
1345
2441
2261
2427
2331
1604
2825
2064
2371
2838
2877
2797
1618
1488
2124
2723
2365
2708
2245
2854
2832
2778
1999
2277
2794
2786
1528
2835
2230
2167
2661
2436
2624
2458
2567
1577
2714
2723
2240
2886
1419
1250
2699
2192
