5.40060329703438
6.25682141802996
5.52952296653302
5.71558241538523
5.63473364627584
5.81399824160175
5.8150947540471
5.78313058919446
6.07260809208765
5.7260326524659
5.86054055590026
5.47862128676886
5.51532074863497
5.4404915538199
5.90465098194495
5.41287666504805
5.67292606574237
6.17595456040476
5.7355662343759
5.51978548878412
5.57740659910012
5.87466539983106
5.58837663055917
5.78426945559556
5.50412464130329
5.56031168846388
5.37864665432207
5.66355392797352
5.45787581565522
5.41864602149297
5.64576813387906
6.05493254430878
5.5879401077479
5.78724294366363
5.92368213637051
5.41746361893359
5.74335856278924
5.84593005221602
6.13911021207702
5.4285924356136
5.47829026295348
5.69323730682598
5.50059426137445
5.48533087130578
5.75589052311088
5.44693320265315
5.90621636563863
5.64308850912649
5.9050359981237
5.80487479795678
5.73517757184937
5.35480814403498
5.731868009016
5.77548927065511
5.60856259620759
5.48730797782911
5.8870769528111
5.47514517937415
5.75569179195381
5.73602613342885
6.16635985641322
5.70156683487859
5.50126821647877
5.61575256636731
5.76881131220228
5.81108683457745
5.62989535364865
5.8774673671787
5.61409549111067
5.8715022836975
6.03396110695072
6.22133351132844
5.92075329087378
5.38734309764097
6.18222433785861
5.88447629035914
5.58980489432388
5.57647183700059
5.4256637804555
5.61179062976321
5.52929548352216
5.64085292387581
5.99099355510171
5.76212472719786
6.18475317241496
5.35686940323665
6.0918076026812
5.35171400456005
5.74488837304006
5.36446799696333
5.36765319900592
5.52164617100583
5.64929020124529
5.6089664953752
5.44865956043741
5.40628833939
5.52142053181058
6.30764520658858
5.87295491882105
5.34823822531563
5.3887976091614
5.55472235755036
5.86853412696564
5.74501116022111
5.66363183143733
5.64836175351993
5.56833658385663
5.82978892220927
5.59450034963121
5.63814763732955
5.48300134650411
5.47141240235494
5.68260994316371
5.64888389050647
5.62647768576394
5.46599400841699
5.8088184944754
5.59480517349523
5.39641234746755
5.38448451675745
5.69022161810899
5.57610941242159
5.63747543677478
6.08429814649939
5.55701209661779
5.82431932394657
5.43962161572225
5.40509335975971
5.62214404307688
5.64722105406361
5.38199832445296
5.93330310731754
5.36337811404604
5.61505754384903
6.10078208786058
5.61621120690545
5.57524732988061
5.68803295430385
5.56707748839164
5.87035878985767
5.54955745208525
5.72663225636697
6.11671211572922
5.60401506774629
5.71304959624381
5.57938832663951
5.46725356420056
5.6047753159221
5.58399156309812
5.8434964632311
5.73003511075253
5.81768945949533
5.53966406305757
5.47388736414806
5.45544161020789
5.61750800220046
5.52479962778676
5.72088347770161
5.45881207359291
5.45178868074149
5.74211212998833
5.82370013895567
5.47290261716054
5.37686111281643
5.54409226603558
5.70949809736737
5.6329922155056
5.5562872256473
5.57364682613824
5.36000901496934
5.7444267625128
5.7689020742687
6.08874128283773
5.82156489266153
5.80810240063347
5.9597444775162
5.71000496441863
5.72282168527158
5.39372199333054
5.3455961552233
5.81571534745802
5.82403592932053
5.76360692488423
5.93818081782674
5.41550595126619
5.49169330542932
5.4241489167844
5.56036067130753
5.42691524197748
5.60918321497656
5.82284402329516
5.67088013673218
6.00526267560266
6.16988747663372
5.5899451601226
6.08763459795305
5.55769493058052
5.56260327935052
5.61326546246702
5.67303489190091
5.71545087894209
5.62356096103796
5.63169699247648
5.66536765514867
6.31093247503872
5.3753020372096
5.64301546224414
5.64209535390238
5.61849115874505
6.04107776252166
5.57325238298095
5.32518615652195
5.54024546057016
5.43006864763786
5.96369640151617
5.55081190409276
5.48379172676679
5.79756826669095
5.78605135496643
5.84471808279407
5.56789743042187
5.57085545110059
5.94242549050294
5.75261007398783
5.59654504678309
5.88844695488924
5.53508284128733
5.63163687995652
5.79326372697156
5.70944629184356
5.47863923476767
5.72867927597226
5.58168500668948
5.77309132316432
5.63754782459608
5.86460429395374
5.49737298118261
5.45717088535504
6.21916622811987
5.56894635887828
5.77856941644082
5.58431479292146
5.41916842161974
5.51989406645987
5.64719129328067
5.79538393708372
5.90312999154942
5.70695164127894
5.67345598224957
5.82845224421935
5.70052323120957
5.69763441984609
5.48206012795011
5.68606215088774
5.3716752620595
5.87735630598051
5.4188074826718
6.79945192078586
5.65831465309894
5.69091738674159
5.56213097215675
5.66171080966164
5.68949314854411
5.79773711420364
5.719760385722
5.60756830559038
6.48023009427075
5.4769698071714
5.53371474394426
5.56254482328674
5.39975746493336
5.77927464101908
5.59554707047694
5.69454481500292
5.72979311775132
5.84867678819664
5.44197101190726
5.76553016650528
6.14723479568567
5.60515710997344
5.84753267086471
5.32985103532127
5.6655386999911
6.24263694983994
5.60354044186259
5.63870028888673
6.07356525154285
6.01826820103029
5.49775907165615
6.73244154337022
5.68117868053339
5.69667059815498
5.35364647828099
5.67769772470994
5.54579619390676
5.60154471837756
5.82612292028626
5.47187364819595
5.63152135478957
5.36910273516526
5.76473609112794
5.71858351274014
5.70307639963165
5.34597336050207
5.69277287816154
6.27082362552348
5.94843952255955
5.99676089516538
5.65389002657181
5.59220664218953
5.71541554443534
5.46377546183559
5.52044005966238
5.79943028446734
5.77234669148757
5.9458294602689
5.94266086679546
5.51713494207479
5.70809928275
5.38128998452693
5.382581729589
5.72546390905572
5.41913889340251
5.51063806352607
5.76741396674488
5.49301445551716
5.66074171385625
5.44000040966891
5.50056600387544
5.77502003454104
5.98284335480081
5.60709550155556
5.8110715762914
5.8004184544068
5.69385675157027
5.55603955017633
5.38017912163279
6.06943690566254
5.86266570973715
5.87274003264243
5.65743645871674
5.66384789301744
5.56504164181191
5.49044534826666
6.06509216225039
5.67082177459369
5.74020611633474
5.99555395899585
5.9386187341516
5.49288268909616
5.66671484105896
5.6692463260664
5.34490452604977
5.84209255117401
5.63923329496438
5.62542621693311
5.85011082525962
5.98053435370987
5.79299254234585
5.79768391494297
5.57153321867048
5.60037322964398
5.49981181826803
5.65984105935065
5.69451090839658
5.88310228090726
5.7502534628343
5.44186711276268
5.50620819536385
5.66147736190853
5.70241923417049
5.70979893218711
5.93795603805975
5.68223025733946
5.99923390600167
5.85660689385156
5.37027722796971
5.48372487361807
5.92975451411661
5.71755566628629
6.18698586589322
5.58737115419734
5.42106902305097
5.5026906843276
5.58381119759919
5.95713890059445
5.71748272291025
5.71838129852049
5.33942546248197
5.82757819029978
5.37476286193612
5.58427581090221
5.77860639047716
5.72186761816451
6.1723677761023
5.61952383924152
5.34032915282227
5.5516821509985
6.34004095306184
5.24461457894527
5.8689933330954
5.54038340998236
5.6130546402032
5.69110940255868
5.38164812449338
5.74098785846159
6.0777341203815
5.59201453718565
5.44402896194797
5.67324854604517
5.49662539721135
5.84827753054564
5.79291542416281
5.44133056253239
6.07311489038256
5.88340977231106
5.61834426593355
5.42614745943631
5.66482461264884
5.71387902753351
5.81431394367189
5.59877580761341
5.71367446767137
5.43283866402655
5.68296799461203
5.40160458020975
5.47438039243097
5.79417164026089
5.6747939920705
5.92349306813011
5.53006277795811
5.4035028285574
5.65476804782585
5.38379347232661
5.30513412647909
5.61374577429153
6.2819826057628
5.29333720070209
5.75152320617524
5.39268521914848
5.53656138910406
5.64952467886959
5.41167042444501
6.07155283738552
5.48722939559487
5.62871594453654
5.68408172969246
5.44230686232694
5.78864237078051
6.10606673597989
5.59209226524716
5.88869202078141
5.63028298578655
6.1014429833848
5.67648112695809
5.67327562809571
5.66682828468283
6.05845915616933
5.36295376979668
5.76192997273959
5.74621993174093
5.77871240182647
5.42699445466208
6.07006753452228
5.30188057760505
5.54267156682942
5.37483461787719
5.88475968464601
5.36720265648967
5.67479178520247
5.73522005461833
5.63123511862639
5.91559847548244
5.26713687118027
5.98684912847748
5.57461561404337
5.56796090290911
5.90278809666068
5.56050580922439
5.51510448728924
5.65871412050609
5.53588838615342
5.63192547970487
5.30945974934913
5.31803718128734
5.62977334060969
5.57141155135006
5.33045461808505
5.42812283967241
5.72312679025669
5.85836955462196
5.85702888588927
5.88636207907385
6.13147176320399
5.39137285764732
5.6369345969174
5.6023671854768
5.62185503699069
5.92406719136054
5.42945031969769
5.43071677494587
5.51150101168861
5.80109093183209
5.53853969747334
5.62331998243888
6.09509711423654
5.64510844355008
5.55970450089427
5.70223695529524
5.90947318545295
6.23939839560276
5.68338107065533
5.74878602135032
5.57485297286808
5.81249173223976
5.79401209496186
5.35223836483288
5.45968920151868
6.11145122666997
5.91156986337869
5.60845680197739
5.80310673669372
5.54806220265888
5.3632017461264
5.69419072184598
5.41681741966016
5.50478412430117
5.67279069993093
5.64839472134157
6.03993568406093
5.90420934792216
5.46235229060781
5.76918510495003
5.75480503958979
5.89159813516605
5.56401198611573
5.55062623963049
5.63337045245496
5.94392648157593
5.98830977344197
5.6655672836285
5.50411415444489
6.00643984115247
5.8783083873963
5.65483364038129
5.9725091903014
5.64402533945663
5.7778885303074
5.81368131271791
6.09520055102801
5.70071955866842
5.76198023047978
5.94801086190388
5.50697835123825
5.65834651553054
5.50188748345583
5.5256197952912
5.61295153570829
5.97168854940808
5.56688627294287
5.43172017722903
5.51666248706925
5.64470766031886
5.60521226181894
5.80445077954036
5.49656615084869
5.56941971456776
5.35980087640957
5.71062218083802
5.76159604489817
5.75150846396841
5.62065798264536
5.88793032367562
5.50449121513982
5.8855699042715
5.67101179132119
5.71577458167129
5.77245609053203
5.54339205820622
5.52512886592822
5.81753152481519
5.64184533119446
5.68048411551214
5.6299976329367
5.74305250882532
5.4840945715832
5.54958303495728
5.60608298269488
5.70175531490929
5.484615066
5.8336539708354
5.8277211332569
5.6737117066631
5.68046938418925
5.83656606432797
5.90307600085914
5.80385154869799
5.69468874096666
5.77463807912151
5.55423552135989
5.43262509882314
5.77534154563042
5.46477922462125
5.52162436776228
5.60912712906221
5.59641052657286
5.65496578867169
5.34479535852099
5.35584556363058
5.78999004038328
5.64240207155713
5.60619841961953
5.60082933848847
5.56774503233954
5.82146510098003
5.50507805662522
5.4407044019473
5.51611930740883
5.31950968413258
5.48595780671864
6.31231592181408
5.56293196058563
5.4719132591185
5.67552874299201
5.99241750729922
5.64616132568761
5.66646111932987
5.57827953176743
5.54705164568368
5.81263730091389
5.65472255488189
5.87397565933208
5.59604809576848
5.74244996290026
5.65152973596968
5.68652017294578
5.99363436834344
5.57203810806857
5.51440291891809
6.03206255264276
5.83203924988766
5.60792946195544
5.79678078303629
5.80388092505895
5.79825102357884
5.39039847866229
5.9210227200474
6.12192027857816
5.95324864035866
5.71445514525316
5.3467362350584
5.53855139075337
6.21250345280937
5.53608443058028
5.84065217205946
5.82956782292501
5.70206213173359
5.50757768867736
6.1578120008495
5.77770905083991
5.45120579734531
5.7237809649591
5.28408297130045
5.68950969777644
5.72615664137863
5.50724423308635
5.56964519158975
5.63432793217818
5.45382761624908
5.31036087444905
5.57095595554559
5.44744717996919
5.47006682628883
5.57616779537446
5.46413337753766
5.82752672104049
5.67692066135016
5.76693215082057
5.73116726612672
5.66877800590519
5.35140541345999
6.04303004085656
5.48549944466422
5.66147218722849
5.66590363053724
5.61523061013717
5.64834998002435
5.69849540579139
5.47225707079581
5.60753907279987
5.76539256385256
5.52244353144378
5.79690912470833
5.43964931340454
5.37058498513887
5.78992589098863
5.60272270627997
5.63411812884433
5.64717508299675
5.36546449832478
5.33634563717238
5.36276870744225
5.89424449033182
5.72503511696289
5.69703784169032
5.3825280190534
5.96255409864812
5.60835317833884
6.36672682380039
5.72025284229168
5.58797073427216
5.52206500725426
5.47772210559757
5.56338655768925
5.91621511587338
5.46757588954327
5.55080874932556
5.57480076737139
5.69524022815638
5.66767213630277
5.72016794583165
5.77540596200565
5.6689534667624
5.70351187794332
5.47856040168129
5.71119481331134
5.70765811656486
5.38876367382553
5.37369229412614
5.70099202539962
5.55821032567104
5.50399268106321
5.52931614648488
5.70351042423605
5.42327733309186
6.08477238410376
5.65621748727685
5.67909362506997
5.68564879920788
5.69344243865094
5.75876451327376
6.15041926112444
5.63815478984188
5.67350983586953
6.0780248487805
5.64921161310963
5.80161147254189
5.61015219619596
6.05830030034371
5.78371677651298
5.85444646194482
5.79818897351799
5.61389015639597
5.36102761059682
5.38708028062079
5.36375984987664
5.90646995891904
5.45013033270184
5.51959799052887
5.74825864131425
5.62996906108091
5.46387685401484
5.47724528397261
5.75821177138928
5.40158093643577
5.39312719090087
5.73789487453284
5.63715983600632
5.53769173539626
5.64028901224049
5.50585484393289
5.652437101886
5.56693845633269
5.42232940388737
5.47264834311083
5.63230917095513
6.03285140964152
5.70551102289511
5.82235370254346
6.35334317836456
5.37648181530756
5.4933174051746
5.90142573952177
5.64363911687074
5.54127538464871
6.06273721816832
5.58478865096444
5.53927827357181
5.90276401490295
5.60048153788155
5.85181782767873
5.62429829181122
6.07178461545774
5.73939758301224
5.61727100767154
5.41397256394696
5.84467737945376
5.94404784332317
5.58289729245805
5.61528486746673
5.65536401277219
5.89118372531379
5.64645465452655
5.91451879922696
5.50842849782327
5.55291311751858
6.03395367956126
5.5095490164509
5.6217671310581
5.59903560121096
5.82411691144495
5.72143300809556
5.45688323244187
5.40336461008594
5.63385066743515
5.67836794634172
5.59872129257112
5.86320994221248
5.50959517893717
6.1103514189521
5.90053170156426
5.29673337942901
5.56052536224463
5.8015685371797
5.62307430738584
5.6748856460589
5.6690977811877
5.40163332810085
5.95577920733731
5.7237994673254
5.50070632991905
5.46330225716372
6.06403572890376
5.85387871551863
5.39201936210875
5.40305608316632
5.60845819217284
5.63519531428164
5.54471172916875
5.53694504353324
6.38043563240941
5.7777467583091
5.62114737207678
5.46985384369332
5.82981385377629
5.53766247177882
5.65396852283808
5.6291858328097
5.72223409392438
5.7374170884008
5.80323814736616
5.84461623712392
5.69294266741167
5.67497176780189
6.1321626767063
6.00143106471427
5.91540118696503
5.33900774891907
5.48412791649354
5.72391421585772
5.44768889931098
6.00901965702362
5.31988285239476
5.62942598559829
5.51870587146405
5.54086556250368
5.5349535805179
5.62917476099356
5.71068177415415
5.93389124164941
5.87204027282637
5.35621404361009
5.61042044214803
5.62845334057914
5.6918904515452
5.64194911608119
5.32704480719453
6.13443649851597
5.36389379239113
5.65208007006475
5.94142467629108
5.73880402902497
5.6198432937909
5.55274409375655
5.54213522259234
5.6716552859043
6.63725938420872
6.02671075835217
5.48617728509266
5.53006525621437
5.64429007616548
5.58327535669505
5.72065100611636
5.79379492367986
5.60817655298262
5.76333247694012
5.46697672323618
5.78255828562728
5.57126302470656
5.46313403418076
5.63757938349965
5.68180930006866
5.57998468301905
5.41102676252213
5.6449425256907
5.72526863173236
5.62571473863288
5.72706414173891
5.61720951638225
5.876458480087
5.41525008229635
5.65943127969556
5.42654911201791
5.79174052269753
5.63694539073813
5.91396167861643
5.72004605506961
5.48162450622767
5.72516463993873
5.46086347229726
5.9255397079891
5.55067925785263
5.8170399755082
5.81437835023914
5.36205366055063
5.58399139985429
5.7149425748563
5.65382909240646
5.67950550321352
5.65848284126307
6.31740276606901
6.02548989543425
5.69495769898653
5.87669555211054
5.6700875283108
5.68672605198328
5.43638093116595
5.46339115780445
5.42183998762751
5.48760848805186
5.98448400275324
5.69377375213196
5.62852940454216
6.17618036403141
5.70645491273116
5.57931892300499
5.4532927644602
5.63666063877879
5.53969189610009
5.53647983014694
5.98675521151654
5.6749931281043
5.55127261206221
5.77681984060272
5.87479270666793
5.65865980605252
5.68032504610309
5.82289959897268
5.40764342173244
5.36587981739532
5.52020497514165
5.43454523995982
5.29588816150085
6.37597056057815
5.68669984716981
5.75832662306919
5.57126170266811
5.68190011157119
5.68326291306595
5.73808468183145
5.6630365404781
6.07746339222415
5.72079875336654
5.719864804198
5.56169876743836
5.47604934956974
5.71590695442405
5.50828499215041
5.56809591462547
5.77947895403344
5.47658780055377
5.46162593516411
6.05758741746002
5.74105728327538
5.97723037693187
5.84071729039087
5.53207749646744
5.76085442570738
5.61456955820821
5.53812088270148
6.01785439211619
5.85944768690379
5.51000630811992
6.00880210540311
6.02925373893346
5.54756490935895
5.65848022936799
5.57876666616907
5.50700995125301
5.54344739702359
5.77244562360141
5.6834542928171
5.64794426296408
6.1632037932211
5.34235187644727
5.36291656535313
5.43476703348825
5.39601898887269
5.67205767632301
5.99399376502881
5.85394070028357
5.7168445798311
5.72916989893531
5.61403475097267
5.80174805770707
5.53028247380317
5.62508669453062
5.67099340173514
5.80941241818874
5.66458272875659
5.66442916478072
5.37187528022525
5.5548655163194
5.81365155977509
5.88918396523364
5.48253376965499
5.73176660862295
6.07679203116011
5.7417523163179
5.69601408330476
5.3393581935262
5.33425562414559
5.46834953895422
5.58289398588662
5.4501279321928
5.80342732998212
5.61483926079887
5.83108210459849
5.76292026136106
5.68650373853022
5.8602491931531
5.68082920896754
5.43729075149912
5.39490657185204
5.74377015934922
5.60856513240532
5.63336590978252
5.86126332559908
5.50024146694566
5.85580656785578
5.75909466442159
5.89291743183054
5.78973050176397
5.34590026893381
5.60530224256845
5.79769253814986
5.64401329403087
5.43281189709018
5.67492699948157
5.46613585157438
5.6253438694694
5.97137893837847
5.28685087138167
5.64548272843737
5.48495474555669
5.55972263672156
5.94324620488698
5.64095548353166
5.49732457269446
5.32694950535257
5.75013329138609
5.72339823403198
5.79562653512369
5.34769028874772
5.52681379352739
5.3760570768732
5.69264103427205
5.81189052885858
5.83288579908546
5.57277466861074
5.65978230244403
5.84977418974881
5.30262346169635
5.8785992900395
5.7814888347761
5.78313076093497
5.52809661930185
5.66911942557758
5.57932001608362
5.6297231022375
5.46458366471007
5.65702220826669
5.84521628804642
5.50591241106759
5.73294873143154
5.30306010826525
5.71299777458288
5.74113872435566
6.10343473601975
5.48076495776877
5.50713500022668
5.70176674329257
5.47174383425011
5.70433716124641
5.43962726274654
5.54301816249668
5.61063098231207
5.79305305792707
5.57341476359093
5.41537225972464
5.82747376828978
5.7434729851932
5.87150944894582
5.62117706496688
5.59600217430031
5.71549774007902
5.61667759119627
5.71581720099108
5.78053812632309
5.82555468537435
5.58070546508965
5.57529106170271
5.35735825673984
5.52513153035827
5.67459373531195
5.63273545590413
5.77813993720372
5.52768459113926
5.48579202439669
5.31772139033653
5.6058615515202
5.64137621980748
5.68546760820581
6.13758316845145
5.91779422891194
5.4139600988478
5.68692307103033
5.94518690714128
5.40878013635216
5.86529095734524
5.68025478467149
5.47872040383809
5.38591396556833
5.68956707596356
5.64686727926968
5.69868111638769
5.90056170502268
6.11228646488489
5.56857526071431
5.56924293805498
5.70965504491007
5.49464721253347
5.66194093099371
5.4953504736566
5.70907074892528
5.44550419968585
5.63659725930097
5.65869207121595
5.60063865547788
5.80713377016785
6.07286767019169
5.52158081728685
5.26711059010663
5.63401049097398
5.69677464133761
5.7000491044574
6.140790884733
5.7652243836012
5.51231586670676
5.63046051075661
5.62284799795456
5.31663903427542
5.75160685473614
5.82267688109356
5.7742144999961
5.68361355435139
5.83448764120813
5.83197065199833
5.72871293873111
5.58628608233486
6.09580286198809
5.22532359800792
5.86086423209184
5.38638577155781
5.58094201622939
5.89892693552894
6.02332866248852
5.4013360741878
5.49892541044506
5.4950318698031
5.63732331410412
5.62908818020246
5.99088563653165
5.58683572828118
5.38025307272965
5.84228228650503
5.77254312875163
5.36836314248086
5.833088090103
5.84161188754021
6.38734802290883
5.45128315306184
5.69224492583006
5.48480584543361
5.45508326543951
5.5654282669568
5.67788314768481
5.59995682014832
5.29813755125775
5.79315571956449
5.54270394447601
5.80472299050475
5.77856980786064
5.60654918712065
5.54127279861091
5.64220057441254
6.02743182556151
5.64951612501533
5.77690375390443
5.37733605554261
5.38868173535949
5.41461391667638
5.83393232764689
5.50242194939188
5.49293725748551
5.71809624465079
5.48971865896664
5.88511004826757
5.77279393852063
5.59474278004807
5.659456415158
5.65035872722523
5.58471438878474
5.66191541766181
5.60664665953302
5.72403453493198
5.85368730675896
5.5592311453514
5.79694216940146
5.8398288193827
5.58581600116994
5.60222699101934
5.63777739410844
6.03041045791418
5.66764151737205
5.31042452100241
5.62715704399753
5.65170731572385
5.89167945445362
5.6167350191074
5.50872137053741
5.45347953559726
5.3570373267551
5.57989758091514
6.46789711983945
5.97855199211267
5.42511072449781
5.89720529538103
5.69878489360823
5.55191686258342
5.87670618058364
5.41087079838743
5.6776722764451
5.59303465249381
5.83226603845157
5.78028042201717
5.78133784583907
5.51585339078509
5.66363201441473
5.66615819232002
5.79684714593839
5.79025224619256
5.43010180748693
5.70288909781074
5.64021057566088
5.50495335902449
5.93340508837824
5.55145863200544
5.84873157058876
5.58587602556292
5.41934325370703
5.49893925369701
5.96492895426942
5.6552306183784
5.64421047356375
5.43836332472618
6.03766392587771
5.50626297723601
5.36505741682829
5.44769376984805
5.32545992656309
5.82728856654034
5.94097491361632
5.81315360062461
5.79533280022056
5.63366997070035
5.506805796475
5.4365150761918
5.51024369466813
5.57248559454229
5.87039928625343
5.54970992417603
5.55569398732496
6.08130285549265
5.47141259802232
5.63671379808032
5.58856378575299
5.66425430337925
5.6972749459813
5.68913069410991
5.59679034136717
6.05074247047546
5.74440084657049
5.77705440614358
5.77676985722948
5.73604723753401
5.6996914569845
5.71978284614981
5.73742570290428
5.76696900563905
5.38664870832122
5.4765384393842
5.82175402256524
5.51036316022881
6.19315857946899
5.60840505924377
5.39041242711236
5.40840310596201
5.84307383095688
5.92163371524049
5.597901062116
5.47159523810944
6.10142390016896
5.79501656601241
5.67571808294417
5.40716871026859
5.90441951639098
5.49112564880453
5.83864958638175
5.67738330210094
5.73331082821912
5.35707881670413
5.67632789290318
5.74906873428295
5.83756861097983
6.11198085408397
6.06271444576684
5.32578297928569
5.52727934549288
5.64688391481923
5.42649551916887
5.50375846730806
5.72443025023983
5.56835194201669
5.61365713521051
5.45376387860891
5.90075827087919
5.70952441106331
5.59334444053503
5.81445370422664
6.31462117148959
5.58773506838078
5.37885207259469
6.01608634936936
5.67908076094679
5.51712066970795
5.59921456109843
5.95922448235697
5.53983831802717
5.59027059569817
5.69272507826551
5.75049480521795
5.45315383458965
5.64629528910271
5.64394694247539
5.92782536793202
6.03803628823831
5.45791973033976
5.45205255560824
5.74752205701368
5.33998107133247
5.73173359109262
5.43640018399154
5.80114788242376
6.03222372642434
5.64509677176989
5.30171676097926
5.5085438535213
5.44731302675695
5.45404736126905
5.60655575871675
5.82567718576774
5.92896180786604
5.44129610771683
5.40275465606353
5.54863063010396
5.68592440741871
5.64781683457337
5.73354198510028
6.06726013267928
5.59927304490015
5.74063904679657
5.56866668241498
5.30922299473553
5.79498784751372
5.37992926151557
5.74705041752447
6.35360343297942
5.71777251944863
5.43099769386742
5.64568428133334
5.5784660866975
5.66142291296724
5.68987878945755
5.89906201934083
5.59891746338161
5.8427423360751
5.43269253007642
5.39317313939864
5.69016122311279
5.4262337451066
5.68751870032218
5.61880309453258
5.38265994133302
5.81084353373038
5.87261551916939
5.56755528669755
6.011883116932
5.62109476760725
5.54603926900882
5.41425163509251
6.26517648423668
5.81208639496122
5.41159924828972
5.31490308884997
5.57906564473846
5.56849044219443
5.52464858817196
5.60046933467411
5.87593550765678
5.66539192740262
5.64587843208348
5.51089041945686
5.60123697817382
5.85925542547618
5.75918519962636
5.76418408226709
5.6190118906262
5.79031811143967
5.29592561063466
5.60056874996623
5.7905810272349
5.49185085492375
5.71965622717395
5.61585639392589
5.76655229451839
5.60542989889185
5.55130526090578
5.79419660709811
5.90775423056341
5.9411700160348
5.47035815143732
5.79241363795636
5.52130342129092
5.85420521089327
6.05586766715272
5.72139491423662
5.68638901233645
5.42460592533292
5.69214908478796
5.59830516332201
5.44324847761388
6.24808107991865
5.48942831847102
5.69231178089424
5.72008707685019
5.59433196621526
5.65227231817719
5.53798868928328
5.68828335236391
5.95238658966686
5.68016969149647
5.46098598851838
5.46981408863324
5.74382965730542
5.68409370235514
5.72653720408443
5.58470874339751
5.66893477307222
5.91470149606478
5.57273090638758
5.51705834662773
5.49881258391879
5.75308762844804
5.92147738013271
5.92902954039956
5.42580553656886
5.69413308292187
5.37473157553844
5.67045052976632
5.49201649519409
5.30119681808632
5.62597511480869
5.51743831736985
5.78156126208163
5.55360349391637
5.43475899193785
5.80335366694902
5.80065454757258
5.84157966607987
6.16747541921938
5.75756996055757
5.48322964125469
5.89879738155063
5.58396872542046
5.54863356765099
5.54519548576071
5.58469763871151
6.16605557771685
5.41151896266514
5.56971623290579
5.38412835397289
5.55223172052502
5.56645998273319
5.59217228915593
5.81453901807792
5.54780953677939
5.69788130105698
5.76930077096422
5.64656384364597
5.54647539225257
5.52248681476052
5.48340958812941
5.42245690643144
5.41635353991445
5.7498296151434
5.54884822301484
5.59550023635549
5.81548250263496
5.52424507495021
5.71086638871568
5.58680289753383
5.63581501469374
5.388638957219
5.58362689091654
6.01505321616503
5.8894802020111
5.65568753266885
5.46444944467133
5.60316195103448
5.63117667857327
5.47755990434456
5.67264987716091
5.24958250379127
5.68555416326504
5.67876139180916
5.5935303113787
5.46746185525606
5.95260594989567
5.78304001735765
5.46925366211075
5.77308296738208
5.66243592344112
5.54864921146109
5.49625408509609
5.45288452979064
5.70232922765061
5.82608810224919
5.32232894833714
5.44747613673918
5.79154996181932
5.64490517908613
5.70257255622995
5.71377001006274
5.45310864548917
5.33373892461038
5.86155964213014
5.54993529399212
5.87020934377124
6.11819079078104
5.66960415747305
5.90522496309617
5.34513569551248
5.71969307124388
5.91874971870289
5.35448589961244
5.71605557961229
5.70102517009568
5.68385499355587
5.40775109813845
5.38150146861154
5.3874783458404
5.80270865141643
5.84640279284242
5.50276386027868
5.83045919732111
5.5175115624008
5.58511917736124
5.57382351639065
6.09104776385019
6.10441146208691
5.42971712216386
5.44680762656699
5.58416830154089
6.29696309373155
5.61198421266879
5.85586508997551
5.69213024659502
5.60223884043606
5.4569232007266
5.3455047002709
5.790962766318
5.88782152681119
5.60573129120474
5.42045819384011
5.51731409436459
5.40039643124335
5.52484854927291
5.47190601033714
5.68618331670795
5.85481140123724
5.76601684201646
5.56886540880679
5.7721539469974
5.68591526329797
5.84832888558838
6.4422730337368
5.870553107604
5.48456127632839
5.76229447288127
5.93241900523421
5.59512710536301
5.59650622746919
5.60097938358561
5.70123361393135
5.35923083854652
5.54106791488683
5.96315889248904
5.62498225904102
6.2628927534382
5.67417501576026
5.33382638920902
5.9733103050672
5.52954456414546
5.32492778092922
5.65026720800725
6.12216498632703
5.76643682777548
5.72547464340147
5.64806876725497
5.74944818434558
5.49237605725279
5.55557289265098
5.53176002796008
5.42240189144936
5.41155461919701
5.55440861959845
5.81971961995432
5.62331193631533
5.85729660504854
5.80121841660842
6.01314800411039
5.75898215658845
5.53410537109197
5.58923103231601
6.19662197880195
5.51796302767448
5.68785733735552
5.44980064118214
5.45294134024249
5.4649165788626
5.37944952824183
5.72962447932713
5.79832117589409
5.85732107028779
6.09238010631817
5.72002893134657
5.97798186487766
5.73280305282198
5.64222934772765
5.70543328348444
5.67644342018855
5.66018739729321
5.55590559103895
5.3380220749922
5.80256126057367
5.62740650388014
5.7591640827377
5.74374538746919
5.61731997291531
5.70010084726401
5.80927654890103
5.58530535065922
5.70603443957172
5.6422293730616
6.07637914275789
5.8468668359351
5.94362693530314
5.80685061932794
5.74174140585718
5.58951111032645
5.62293850126365
5.76286033931514
5.61957692223847
5.54990472716873
5.44372551100118
5.70080058024822
5.56771045198403
5.43977104690967
5.64492416075664
5.62702247573101
5.63846301324464
5.50715715930211
5.56566080268705
5.46213407023097
5.55259334559126
5.39576403285723
5.59061507678595
5.5189305891325
5.69170702975284
5.56759683990582
5.49650137741995
5.42773949860251
5.9553453619681
5.48320348927111
5.66702425139901
5.60076669061556
5.63955919993702
5.98780491314049
5.48275468483065
5.4324867712168
5.7188047666089
5.49756322563591
5.82418919282784
5.56781177920644
5.61839028388623
5.77706402592437
5.7060698078595
5.52754585481296
5.48303690433523
5.72967527247838
5.41881711524224
5.81868722856915
5.63271951400609
5.75991048521886
5.9481158678722
5.50449019927976
5.68421260953047
5.50939091457672
5.73856128387964
5.54006985322845
5.78106708551862
5.58540851553479
5.75978325848813
5.65806441719649
5.64960230682044
5.89501997277639
5.58122867945739
5.59480805897429
5.36434784398535
5.75083389926211
5.37831528607678
5.42818940907256
5.80302073008863
5.74754746474538
5.34886206334448
5.49374887876736
5.41142549940254
5.83036284623414
5.63135705772389
5.77988300931107
5.73782978184393
5.72473227101001
5.4748639074574
5.69427701969071
5.42678333648087
5.54672142385846
5.76462100176283
5.74438742806204
5.52588365660543
5.63619819659213
5.69173399340044
5.57631525021287
5.22316101996593
5.79512495210249
6.00768825424765
5.85602524659356
5.54056766174421
5.76156500897452
5.57802674955697
5.59077595928971
5.84901926592033
5.85470102418571
5.62862077683941
5.49291656806763
6.13372490014407
5.48142943250422
5.86871734978636
5.85005209428342
5.5355108690753
6.27433993390482
5.69843537594077
5.99111147897423
5.71984576859815
5.92260109527734
5.60023921367798
5.7369730743387
5.4840431576087
5.8015600404924
5.42852733526914
5.56947599567425
5.42720861506901
5.63550718101713
5.7126209075054
5.56683702381558
5.52586188287701
5.53519532597335
5.46666503513907
5.48890875542166
5.5515656235129
5.72883234629194
5.76759182904317
5.90207918730082
5.66220969196044
5.3264937838531
5.5775037348516
5.96372048316187
5.53485910171694
5.90292567300952
5.45032327967344
5.48142052429951
5.99585834085404
5.76474812291325
5.55421868080118
5.66152784182915
5.68719323458205
5.65344321315913
5.78665336740293
5.82659481387912
5.36896611053335
5.81080564116818
5.46975431222107
5.77252443237766
5.69010555461509
5.69861712085647
5.54464239590938
5.70797529309069
5.44795745719269
5.69923582710127
5.59135807881979
5.95481399116384
5.90256525134314
5.73158460287174
5.81835361129581
5.45439197271617
5.9319409093062
5.5957265073189
5.50070685133702
5.85631574277993
5.73826592150754
5.56147372722097
5.4275959432423
5.89563521671951
5.74697653908722
5.83691946222704
5.42971170168356
6.04603166542938
5.6391751009476
5.45042345035839
5.48567674920206
5.53648172999475
5.52232199208072
6.0058825521365
5.69389096806384
5.43195952565413
5.65696035080382
5.3711990978414
5.59333168416234
5.9514903660076
5.3033368889775
6.37553907876945
5.39488299137183
5.81161097643507
5.45581487856619
5.65666880338821
5.45296986259547
5.57241213945616
5.63062630953053
5.78800358907266
5.9499602918557
5.64042734038663
5.80818155917559
5.42720443211633
5.38096099992692
5.54355416137032
5.48603047292643
5.84835740080865
5.82013697559898
5.49362230062299
5.49399933464317
5.70646558188856
5.6829834846991
5.37766494207943
6.34515939828612
5.76599489118278
5.76293668545748
5.65291327634185
5.6977945663469
5.61414261228901
5.61769589677533
5.64310797912017
5.61324064011443
5.66355116700725
5.49407938569044
5.56900500394179
5.77910485773937
5.50433720600668
5.61522138826845
5.55649594918698
5.56664843001089
5.49502816610297
5.82486787932138
5.73744649329088
5.54614914962178
5.47472972675919
5.5817519900264
5.51972379634865
5.83335824177346
5.85681186886104
5.53069928337637
5.75020224265354
6.10137271036911
5.59966095488057
5.79186184345368
5.72128576890252
5.42058577851508
5.83259210297789
5.39476862975642
5.72868257968407
6.0694565557345
5.82827843061615
5.44235654228277
5.73248870498504
5.49449887352393
6.00110478267353
5.50436843902254
5.43065625909861
5.54664451343031
5.80851700421456
5.50232365992422
5.64938809951354
5.55892246156847
5.79998940275607
5.60228132961603
6.19494561266584
5.49593309246843
5.76837562760073
5.62313028403515
5.66708642156585
5.99587821077988
5.82322142015686
5.81628516446414
5.38984723730001
5.59159342350657
5.56573406185693
5.53580959546507
5.53723440830172
5.48957678157424
5.40122275915366
5.79142828193552
5.66636338783089
5.85414970572744
5.47865654366869
5.81653126637548
5.76076246497394
5.727846453969
5.40955968281441
5.39008510566533
5.98979912155245
5.84228948029532
5.41093088237849
5.63345853286451
5.82625466703024
5.53760118885784
5.35876758603361
5.47340581136553
5.82391922994787
5.81633960750478
5.69423515786186
5.98621456484578
5.43519859790792
5.93453926122881
5.63919722363244
5.51307231833489
6.20215243643542
5.54840514215303
5.65796136432336
5.48559118987947
6.039274998261
5.82720883095
5.60308736496657
5.68533724650266
5.82196175289184
5.62536584996612
5.46895980120715
5.68802006393682
5.76017324263026
6.11547467321012
5.57283124537791
5.62250115773982
5.73832608278031
5.6736757314421
5.55022683704061
5.69251041959223
5.45374227479372
5.48327498879227
5.52047214230581
5.82123337313813
5.5662805501491
5.6290383426044
5.80490506626726
5.77182574134332
5.51686963943102
5.80564478770942
5.63599324175313
5.61578833692759
5.49555054087453
5.70628226088516
5.63908445960646
5.35153353297864
5.62222000491172
5.65045229639706
5.73729830288827
5.70252011612032
5.65816811912765
5.59504482456941
5.61538031620018
5.62486316002216
5.43053695914463
5.677923078562
5.74877340785947
5.78008474483796
5.58145383462714
5.73310778064895
5.78223336457416
5.62086927027561
5.76185245370575
5.59862886071176
5.54868493829132
5.80725996851069
5.52460226458973
5.561738260026
5.78364155403022
5.93610395571286
5.73982479576117
5.81916966172663
5.62680979887085
5.82965469665128
5.72679404969087
5.5730986620574
5.9167446094872
5.40880514042733
5.59152300352419
5.60977380896746
5.72916698837984
5.62843097127109
5.80784953903225
5.89351731463086
5.6456975413058
5.69750417751897
5.58901970059728
5.99321517443991
5.8161561947641
5.48781310188818
5.7745265704178
5.37280494142919
5.39012485490461
5.65677748361439
5.71227169695684
5.60823221988058
5.74786155146267
5.78941429312328
5.71609687567204
5.82543846462574
5.51246659547013
5.83368874244403
5.78786004791031
5.58210547066289
5.41401032061917
5.84152795282392
5.62211531437497
5.71541596505135
5.82192624271723
5.35585412334845
5.58161851058188
5.66820854117435
5.94517894301057
5.44308843587651
5.6691235416115
5.90159575508734
5.62886668799566
5.62498823898043
5.74926955905331
5.72033567624349
5.71913440878606
5.59745950807566
5.4903797103488
5.70094658476072
5.47117095779676
5.41643809804334
5.63004005793478
5.66257182796408
5.46698950530931
5.60787875301789
5.46730079506815
5.35891884598797
5.93427193878899
5.46119617453932
5.49708210725433
5.77188755417865
5.47654829911302
5.58905471429743
5.80268545152299
5.28595903129936
5.66728197209432
5.62311611438805
5.71325722355125
5.72589479091309
5.67652607515151
5.85127772528281
5.65140066814175
5.50703248188373
5.45313335528725
5.5594854618358
5.53020968345331
5.9479177383257
5.66663008854642
5.86919801010285
5.88458744774639
5.58299012755319
5.80650097220692
5.70439005524479
5.39645897548319
5.90961691015113
5.72209942405227
5.6188959665156
5.70790216682671
5.89176973720026
5.89182114369232
5.55840733176458
5.65393605493397
5.55522601419641
5.48940214568789
5.46310736398688
5.73717988205084
5.83432673668692
5.46219780922552
5.49651948837946
5.57524015960642
5.54198617679057
5.63518607958526
5.57437392159079
5.70412781499174
5.63444916029771
5.89369776776404
5.72196690898041
5.62218919894408
5.44219713143219
5.7506836189427
5.62609102432038
5.65369966131735
5.77244847837504
5.81042207415066
5.37616546500947
5.6586033876314
5.85268794257706
5.43238046821314
5.6859395464887
5.5873447230297
5.32660034981414
5.36141994440516
5.64951260048034
5.59850699978512
6.1159042071944
5.45206837120899
5.71747240710903
5.91408960194654
5.3909494061323
5.66122039715964
6.14512240205958
5.73135854202319
5.50929692938906
5.81936868698449
5.70830923206124
5.85850944413754
5.5678472771734
5.46227020131297
5.74604195662245
5.84878404447825
5.57848254786554
5.60301579359459
6.3163829658943
5.56384223358757
5.70400482411252
5.8063463304745
5.64612360451025
5.60019715209756
5.58673617840179
5.83485822843664
5.66497266574634
6.09098708984172
5.79886945046735
5.76328184800049
5.58534693866555
5.51889104691291
5.57619211769919
5.6195547227013
5.53506820528044
5.75918714540511
5.77742384754402
5.67969358617996
5.93818632995649
5.4401095468977
5.69798880375671
5.60513881243921
5.62352372166214
5.75548311871025
5.59884386527897
5.52925173096745
5.81892460712769
5.64137526842531
5.67841102951295
5.51483003780059
5.56965544636237
5.41121783513097
5.76164864153058
5.49742660940365
5.60309580813224
5.63779981223174
5.42813123035134
5.5422150904898
5.61963476024127
5.64376220053835
5.67767653802633
5.46746605347534
6.02883474460751
5.64965500752422
5.78641413567265
5.43227455215145
5.83278079839213
5.76230811559866
5.69087659559343
5.6870301819801
5.60608826622074
5.49564865346233
5.69853808492386
5.78308888797966
5.70361572097288
5.6433189989559
5.73510637410853
5.3445544318857
5.73151748150844
5.68197214752538
5.57616356611338
5.40075118017552
5.73950647253047
5.33998553229246
5.48018249821796
5.90832835749379
5.57477983857149
5.52725508942458
5.60961886928203
5.79016945125638
5.62047702131787
6.17959526531337
5.68509673554185
5.51866251740603
5.76410272612767
5.42317991254822
5.83132705883544
5.61602081157224
5.84254242893777
5.62420366141691
5.50791075697157
5.65779526040172
5.30923330958013
5.69407639407198
6.17315930007477
5.56799270704251
5.35570898462959
5.75330269628743
5.48921140870382
5.72680418462338
5.72915501895652
5.45468375746855
5.8220809572382
5.40386388690967
5.47847382842116
5.58385790751951
5.62390406793069
5.64625303519786
5.53081075627556
6.27988355962131
5.80847816277238
5.48491594493549
5.50959734963786
5.47664466619106
5.62092719951165
5.52217468421584
5.55953141586117
5.47574536933859
5.64505839373853
5.41374929887785
5.66928253926574
5.68349485742896
5.68802074932499
5.94172371915467
5.50267991951353
5.63843501327934
5.9789504655915
5.68612897047621
5.73284743342164
5.73290493466811
5.90143616617049
5.92571916286728
5.6874098125755
5.46704347740362
5.79243424983806
5.74688011912314
5.74395570064391
5.70153518973845
5.40840983342468
5.45504326939864
5.72202632808822
5.57728486020263
5.68273214378028
5.50550957078032
5.42809728322835
5.59427518190729
5.57894665913267
5.58412306401731
5.64149397415442
5.72755298869376
5.86928939140578
5.59589110906419
5.59787243204984
5.58290784229325
5.42202917221398
5.78069642566897
5.60741256472545
5.36160132351322
5.73513157670102
5.70781752764324
5.6065912529739
5.49115670993791
5.68652988375677
6.1815431551853
5.47179141855206
5.84246862616487
6.05154518614788
5.45160884263166
5.57088751364094
5.40853424851
5.31881974754237
5.69759443822105
5.43396921682817
5.64980156654005
5.99141003812445
6.40543310927635
5.40660055188051
5.39397283260779
5.60130193880701
5.5136602591707
5.83280839716322
5.57049138006336
5.84707746185371
6.07607799019192
5.61753536899947
5.53569915786805
5.3795962100099
5.56806491294371
5.65981239306157
5.78888537511494
5.62301633174517
5.89898622632626
5.90403914229343
5.70562513052311
5.68709147936717
5.48057957175297
5.62576752605576
5.57726060133039
5.56598058147265
5.85816828379356
5.58608784905816
5.45295903788949
5.39617292052615
5.54601792207448
5.80490242992337
5.74547845842202
6.01022905693941
5.7323804090632
5.6050048189455
5.61260743095836
5.47915597564348
5.62726162318128
6.03777718738407
5.63757836854658
5.87356857968539
5.64526091845104
5.44319289601916
6.13158266113736
5.3771704538918
5.46543587622241
5.51005247672576
5.63722017514997
5.53047404811471
5.69851679670623
5.9034058603238
6.23497936658564
5.60981033085645
5.68246871482626
5.86264807125155
5.53280068228024
5.54845134866197
5.51591146555783
5.57342168155845
5.8022808106015
5.45251045326153
5.59453034763255
5.61075105315675
5.48594436935266
5.66069217323139
5.41701565957378
5.96544357153051
5.66020664111652
5.61101030011785
5.63606744359117
5.49260785783529
5.78720947354019
5.53365073747631
5.82257020114317
5.57339606920486
5.64832069322173
5.44466316222099
5.51421901393874
5.86061113899194
5.67514917721778
5.56512965498616
5.36204301018647
5.58081849240742
5.62515404458443
5.5451274309636
5.60577835794409
5.69164213542378
5.80730460056575
5.58925805946636
5.74501617848465
5.31677212396102
5.27014057437398
5.75330594511398
5.40710973496342
5.69745827634463
5.3847344251589
5.36023909189907
5.89266927514182
5.5719318398639
5.70623620938201
6.03826526201153
5.40131746684193
5.83319641164187
5.68434855564866
5.89236176950251
5.46739576414241
5.49825317382276
5.51727428391185
5.7923679371738
5.57849000149905
5.57992480286932
5.66991495571505
5.63700953708677
5.78619487861479
5.65982296647585
5.56859434778824
5.75731532742513
5.67201030403695
5.40747684880187
5.5845351126556
5.62133728572059
5.55596965024826
5.5615029139555
5.73871091918276
5.54306031802536
5.50116686769865
5.42017595536065
5.67126525389342
5.43830518707496
5.4502677507928
5.66367827007157
5.46046064920914
5.91431899324959
5.56292356413145
5.65562238147889
5.68968821707009
5.55818966613888
5.66413305813231
5.60683167856781
5.60289628835454
5.245192069668
5.64585295724986
5.66170767185264
5.73082555287377
5.83616232811138
5.74058008463927
5.63871406560622
5.77341695222531
5.9066400608157
5.74750888830618
5.66047837347501
5.84024806961023
5.61643072164778
5.63364331421335
5.5562646559024
5.87418782444521
5.58161659048883
6.07351804794878
5.48808934712046
5.64504378728062
5.58596231900766
5.65955751537536
5.96320266763371
5.44729818136567
5.49896959467418
5.59234848653775
5.85605469695025
5.27935708629595
5.63836283065273
5.61551963482588
5.63259123186792
5.57793714666855
5.68610430867027
5.74516401285714
5.88836335242502
5.640480310792
5.38512493719626
5.77649818472368
5.31698070925804
5.74574441851078
5.8219911982316
5.71569155112887
5.6979733010545
5.34867695442777
5.65285971216988
5.68907288954566
5.3240625162472
5.81108948284686
5.56652254837028
5.56051026399408
5.60603475915559
5.87631070518705
5.46569818176079
5.52466920293935
5.74585067326404
5.65702885451469
5.55273334976627
5.64762769867867
5.416391587707
6.04185935066861
5.55162499559278
5.31301181933594
5.48670507492515
5.58576417240595
5.67601948952545
5.59938094116844
5.86833004027866
5.84086533547967
5.63477891129536
5.29634059688915
5.49222901485122
5.59575373911402
5.54056291612782
5.27153328341331
5.76890235537146
5.83165044963211
5.38333744954803
5.3533402114161
5.6883546036283
5.28795221740525
5.97445353475967
5.46775683861504
5.77256726202835
5.63832430912094
5.87759355869758
6.11267310624036
5.88038807741123
5.89823840874211
5.36054866776591
5.68337680573357
5.65925284018986
5.46466074089411
5.66475952335429
5.57388262862113
5.8783234545149
5.66480382423024
5.38937205500314
5.58579118044686
5.72162569865603
5.5842476358247
5.61343577381506
5.71117186260032
5.91995529368065
5.49728407006587
5.65641166642179
5.74230633252124
5.64811980678926
5.78460468584258
5.97486101136695
5.4866248891683
5.37483709363103
5.67315091833712
5.49431660771356
5.68667211670213
5.7561677065818
5.58570231835751
5.64597276835639
5.44787531781935
5.67674063850539
5.93362742341909
5.57645890370997
5.56865616610705
5.57846711659652
5.48910374098868
5.4346147827086
5.47953854048176
5.60175481126013
5.75996464853895
5.6715345337802
5.62504914604413
5.5205995303286
5.69897534820565
5.69257063767542
5.59326758476078
5.730816929163
5.37597696507121
5.70975426124658
5.65547886355103
5.67560834143871
5.46532212226578
5.77984683697384
5.43123776687759
5.59497048379821
5.57345148512903
5.54792792267152
5.67785118401788
5.87732412649953
5.43622813036788
5.49729462113219
5.78496491689473
5.51247649721331
5.76367571368727
5.69471545651726
5.77084243851152
5.64257930913954
5.64098946562537
6.05075048041983
5.76523834697774
5.68464390905116
5.81621862544067
5.67030109472308
5.50533424231694
5.57885156444378
5.66918169973467
5.45763346524435
5.39336352264882
5.39928830014782
5.43820152128503
5.74103398633203
5.74947073490823
5.90539339665411
5.62746346625803
5.82272427079901
6.25725995789619
5.68816346343402
5.42996476124246
5.66294052535219
5.46099382739735
5.49603952969662
5.73225808355031
5.49335405951975
5.69127460655866
5.67824995292535
5.43960568533381
5.50553217095898
5.60823809563044
5.81078776805524
5.38621448662597
5.65429247788897
5.69775102789048
5.58936577933441
5.65396357838118
5.55451200817338
5.90549991876134
5.79710861937344
5.64155595119518
5.73623335297833
5.85614832251443
5.64402025103507
5.62016469946951
5.80007460903074
5.52674180710592
5.36522760217501
5.69586773669848
6.56516612995532
5.38397449096838
5.63944168997308
5.47011722608833
5.87010464256093
5.6218785527893
5.58702264982042
5.52808698097979
5.79902119988349
5.75708585513283
6.11358870266799
5.84099543710755
5.70602368228667
5.70936334111753
5.95254089675849
5.63246547412324
5.8493320409014
5.98774494595939
5.68539269111996
5.65741343550427
5.77380067499228
5.91566882334602
5.61957582149576
5.90718662912571
5.48215242552555
5.98349649914624
5.48371092280229
5.69062849777098
5.40742261156155
5.63357258960158
5.92113359942897
5.66295722597925
6.03916064412079
5.43545888376714
5.78662474218577
5.64863419881834
5.78157031046332
5.46797884421668
5.39468379933133
5.68060730675927
5.73479373693116
5.68531365966707
5.57150275897925
5.53979577963455
5.31725089717084
5.62354476953016
5.63757042344993
5.77664421472582
5.58968028269701
5.9663704393926
5.58722692207098
5.72846273630776
5.86897553007702
5.63011462994763
6.17841251138596
5.64947400139758
5.60471517974491
6.09989566239525
5.25562978846005
5.53268136236537
5.74438893610529
6.45171533329646
5.97138793378341
5.44543809196203
5.57473724880329
5.77009814388883
5.49022794400534
5.84795244663145
5.38314173717561
5.44274264710867
5.77435212439573
5.63890163385945
5.8334267218171
5.50100407483497
5.59937138649875
5.66670995756358
5.90745004323839
5.65854456111119
5.57581270122903
5.56374277472158
5.60933401824496
5.82026157869921
5.77600980649595
5.65741803695516
5.80666852498767
5.69798720951491
5.53879316204651
5.84427273166151
5.46757734849908
5.54875488623706
5.90843549709794
5.70008320320235
5.52460810290702
5.89189543322608
5.8367806358308
5.77184739080433
5.70893005328493
5.66456978932436
5.81717119738253
5.37703183388489
5.59235841821132
6.00056258111308
5.8467673656753
5.93082017499638
5.62878748535951
5.46155831763908
5.32977064291645
5.86774399719638
5.74092277483957
5.75613207486724
5.64129598209944
6.01406799793442
5.57310526253401
5.48803197919549
5.5066904829125
5.50338480768654
5.68520191554797
5.85915299289019
5.57261867606339
5.52692859618123
5.73698027124609
5.58279040694671
5.99690125437761
6.0155736765182
5.46181799755282
5.6702533303722
5.53843845323637
5.37364368594904
5.76064668312155
5.36926938534865
5.54254825597778
5.831899341031
5.44330622874516
5.77682634909165
5.63316817903225
5.41061599899165
5.72960567326574
5.76733707451232
5.77871893090349
5.66198162679318
6.02840334975674
5.67784517227804
5.74219322884417
5.74525087012958
5.50842613150042
5.62733046450482
5.3420536555726
5.84388740817197
5.84277391843588
5.81804519936503
5.39005649569896
6.23886609371919
5.87541274411331
5.33546489822948
5.89969430631419
5.763371712713
5.55833613501303
5.84339832671944
5.73690561465239
5.68553148408119
6.25906306427862
5.53547502322939
5.64308295457082
5.64381459514644
5.63980408532241
5.67591560909389
5.68776044620695
5.85725420899961
5.74161131168329
5.99859602233549
5.81195808229227
5.34000419202377
5.66344749985938
5.63395693852875
5.48883361036188
5.50689618357147
5.7819391435868
5.79501234384066
5.59935253711546
5.61109158556315
5.82058746571762
5.64973610991848
5.78916420038005
5.39211558301047
5.7457760722336
5.61778143396709
5.4464100875969
5.58429719467877
5.372723071968
6.09458141804233
5.77885213982394
5.96918528891152
5.54863344083798
5.6847788294206
5.68392490446157
5.61846729463222
5.48695164765088
5.38991979119683
5.78673937556077
5.68617892487146
6.04332197685874
5.5586559606032
5.62352916506156
5.49382757195265
5.61016846032135
5.92631861993532
5.55620125007473
5.66325360938038
5.31884497373457
5.90313642999524
5.63389461773129
5.77530021443963
5.54511611615875
5.73700749724211
5.53255930878953
5.27185523197878
5.54400491981188
5.62612837211673
5.63976326866013
5.72757860223734
5.7711437336083
5.53331300567169
5.52303487662434
5.7222796173112
5.72164697925029
5.65106637476368
5.5731703809288
5.58523310339748
5.38366589623857
5.92934678088031
5.35275662082137
5.53407754780313
5.54278923784845
5.64035979285503
5.67292548101663
5.78021193612835
5.7964504592168
5.3116887953433
5.47606042753459
5.48514407872503
5.36525657889496
5.91576254405767
5.79387745763521
5.82672842764799
5.57494236537196
5.64846629949513
5.82905809676569
5.44496927866519
5.95900404226837
5.65436109199244
5.69839660240031
5.84093956926951
5.57520705766044
5.77140378576017
5.51298080584009
5.66127204457726
5.81896363324198
5.83936326504747
5.52898636222452
5.35823784724411
5.58049278096517
5.39382039409201
5.94402402201464
5.40246515793701
5.94174648156029
5.67918324153291
5.56895987422932
5.45886716052048
6.10180006012619
5.90255459632519
5.47225731341052
5.47882940921616
5.62594666815032
5.93117675281777
5.954671706588
5.51268104431642
5.69914502793232
5.56075737538602
5.72261023490986
5.62865035226037
5.61615499340992
5.55093659899943
5.99518446814452
6.07872559159052
5.71678712094954
5.82590713364863
6.01387257677866
5.45038992822476
5.80642652231147
5.6691938173628
6.00179701385462
5.88170737940873
5.28569989537509
5.85631957524824
5.79306984054789
5.80945196280826
5.65231704761824
5.56908242615204
6.01187650334186
5.48677844146126
5.46422803684197
5.68431829465183
5.57433632644439
5.82668471302321
5.39106860640556
5.64207500700469
5.68881923338935
5.49106593876691
5.43922011451473
5.62450223296702
5.64945198836899
5.37363553674011
5.39070584232421
5.71033936320278
5.74683510363249
5.96767363075276
5.683118267232
5.96812563249561
5.54792568013279
5.65234856302436
5.78823187242782
5.36601042988839
5.6240923023623
5.59634970508533
5.56573530217666
5.48389195774124
5.47357657707685
5.7966870555804
5.60413422829887
5.43415954634181
5.57558936940744
6.06877717608388
5.45619927449512
5.87007002154708
5.65041851033962
5.50285592663842
5.69016531091678
5.82502564136708
5.87727412885789
5.77932399284573
5.74881878035144
5.58675908219707
5.65818036877067
5.51914557101786
5.76920155309733
6.0351058424791
5.45925168895512
5.75427889820223
5.86627662123757
5.79128711307408
5.44149283429115
5.82507592038622
5.8797685013465
5.75666058042511
5.86098929078333
5.56459311898594
5.28623897690927
5.40663695768205
5.55840623098953
5.27139850825659
5.57980860261911
5.49642735284321
5.78917397571999
5.62599541329067
5.53218002266354
5.74417837838409
5.66619676338735
5.85575508522304
5.67142073805179
5.35160676464213
5.886886663215
5.80077090068582
5.64776812976606
5.96352448108117
5.73469513675919
5.58998902907755
5.37281516887579
5.72990939601852
5.58467742562525
5.61547244094187
5.64331953423298
5.37462492163727
5.69570625411601
5.52613750273191
5.58836184344578
5.58019981964622
5.43557584340102
5.68400535644882
5.79638164679188
5.43283836501564
5.44121023585667
5.49191831004052
5.56152900465982
6.10654600639599
5.48620075141916
5.91665826172261
5.59678903613515
5.53184257005645
5.46592028018004
5.70294388089513
5.67693182827794
5.3427325462603
5.73340760158396
5.44013821753889
5.82738013650044
5.47901654592194
5.5304862791658
6.64204432735185
5.74844444452226
5.73725863974639
5.85936371957929
5.80997074601299
5.54963330013008
5.69341559608248
5.5059083078261
5.85754461670107
5.63557078953562
5.4635242313133
5.75430146088101
6.05925544343628
5.67848481681919
5.81476018391706
5.53134467013906
5.46873208736948
5.53591557807468
5.53151505455866
5.4718810114655
5.58843831793076
5.75148064587643
5.63231856850824
5.54789630129379
5.4762565333171
5.5930842646369
5.70855796578836
5.85445506978571
5.51094200963084
5.91540923995005
5.55212038285529
5.68379131380871
5.45845496841239
5.37505979959832
5.63217582177662
5.82012481040866
5.72069865401305
5.57070418419298
5.33565668507399
5.881745208078
5.71575512478929
5.6033132139363
5.34496758229283
5.69326817222124
5.54916662465728
5.63353843798304
5.73863552282945
5.95472400814602
5.76847017405096
6.18740334590165
5.68940860381777
6.28693456734187
5.79402313503353
6.23858739268501
5.60696052674798
5.71348471465307
5.58604348683344
5.23940648549391
5.70962617850123
5.80230503482076
5.84293444014706
5.74886824348953
6.13443780473061
5.65072981275402
5.78215371691635
5.91775208006296
5.75975709739823
5.80508002825564
5.32618480472927
5.75770591697568
5.51680700375547
5.51433438298492
5.58263389216949
5.61633504902412
5.61358748313463
5.786600684774
5.63117807632411
5.70307463147895
5.63274556017546
5.67883101654797
5.59995957359673
5.38727453987034
5.61165601527484
6.10318688759893
5.61379895419324
5.99485685865362
5.62350575266876
5.68751255126803
5.65876991047481
5.56449346579644
5.71647609685068
5.32887560532969
5.60175534579282
5.4086756003784
5.5678384536093
5.4112420946671
5.44162195377875
5.6349587717039
6.04169203272144
5.50423847955001
5.53937584666049
5.5959238972153
5.74348001414838
6.30268243182046
5.36628186478024
5.41232005969399
5.61655712215221
5.58244352400556
5.55357779989086
5.6250943635829
5.50591057986463
5.76806485472841
5.81669436605598
5.80809263917201
5.51844009897072
5.65135240163378
5.71754383947745
5.86219021098826
5.63520771354495
5.39977344859285
5.46566695059262
5.68631013256818
5.85599936771039
5.71973019518575
5.60245169114071
5.73658305768059
5.76048325747307
5.49132053227371
5.53510824770356
5.90042056490229
5.42587522814931
5.64482395391063
5.75456562613434
5.58368145577244
5.68748319599719
5.49986116096119
5.49410415561624
5.81607493374343
5.633788635369
5.51344319129684
5.59387260636736
5.48283108578837
5.82992528572853
5.75539986728621
5.47822254774879
5.78805903429176
5.51233280515577
5.91557273480847
5.58589646406141
5.44040956469643
5.64810523397691
5.29871169110055
5.5347190358511
5.51594504450479
5.46227796716684
5.70865268141923
5.79392961741696
5.63779670262901
5.69310900258654
5.79514339662206
5.52634174143727
5.59221675460058
5.23389957994651
5.37618080404327
5.77880617276159
5.8787762362902
5.46913107889323
5.55726747948682
5.52538899408454
5.38984546189066
5.5347871745791
5.69205619255694
5.42016312221629
5.85722350763338
6.02091951076485
5.82593920877256
5.73256806873617
5.89445764721362
5.62519928552862
5.41253509794592
5.86451561197652
5.79522517236488
5.7328568519057
5.76428604654623
5.70117978492651
5.67336689486336
5.43868105515229
5.41699725893065
5.49462271030056
5.23389408994071
5.79566271935393
5.77841485457934
5.50192463932265
5.37061708380231
5.41019885418703
5.74317792171919
5.97564853858383
5.54046527532289
5.42414937646692
5.50946479190563
5.93559930815718
5.85866000595284
6.14088499801293
5.61607088113913
5.47559036696886
5.67424437928094
5.70176540821403
5.94466488562254
5.47346968953492
5.60934348269781
5.46112402240452
5.59969931534202
5.90886204209808
5.54342589654341
5.81429617865822
6.27501752293832
5.56736166498974
5.83753336939216
5.32195568832932
5.93313769383876
5.49733514434784
5.60711366126745
5.81569374391102
5.63561432338381
5.70254688020273
5.80182693844143
5.67044032584025
5.52460314321952
5.6330061438423
5.47972016470144
5.82022617349882
5.46454122454335
5.76928333517697
5.61164149953337
5.72053535151537
5.9166551288134
5.52421023232344
5.55982539911473
5.51682955973058
5.68322896015006
5.71613864416182
5.85049343883831
5.59886280415894
5.71797298723052
5.68491425201781
5.53394350456393
5.39265737773363
5.54602681487659
5.54140206370029
5.63278411695301
5.85344056852215
5.53810690454892
5.74904066766312
5.70819852124764
5.57155328842217
5.71276135060268
5.40857922703139
5.7034799585668
5.68859977460593
5.35672582547044
5.53020863591681
5.93925391910811
6.23689506965075
5.44815051290274
5.76867877158637
6.16647490959322
5.7215041632602
5.90086738701102
5.51679106856988
5.62536622525348
5.66432784082222
5.55847264348288
5.54203585400127
5.55090291856092
5.81136202594526
5.68027167935392
5.58254042712889
5.71941281947784
5.70699390521956
5.81692336139851
5.52086082847623
5.70256294949509
5.54316659844413
5.42250514169108
5.82549626192315
5.7409793208987
5.5625978656239
5.90436558032569
5.58571593128005
5.46711269199699
5.48888955445445
5.61480852865342
6.1830298092118
5.48905913039532
5.61992649037611
5.82899350983371
5.45314707125962
5.32180561795782
5.79256929992876
6.08051006109165
5.48086213412426
5.7883742913913
6.01027615132239
5.68031392922539
5.78512613173699
5.67164172534038
5.92006164328522
5.68126015559833
5.65122357880769
5.94649581799875
5.7438557455368
5.41128315693047
5.55726313101484
5.97400070378468
5.66630502703922
5.83313751302692
5.49433890004653
5.73266545834407
5.23225726378222
5.40963908135563
5.54786137357784
5.69637364656132
5.51904845809205
5.50856053716521
5.64311861738351
5.39754077154607
5.49326210786685
5.87453566245691
5.69069187926433
5.80170892770881
5.77472538246332
5.76056467872023
5.60116913980697
5.67579653236918
5.528058943454
5.73642886606702
5.86350772023459
5.67139740121283
5.68106371050511
5.45441117230222
5.55081092641942
5.85191688057994
5.72287986739344
5.68601872102278
5.42920056638284
5.42205346125185
5.68433037831799
5.4229522096822
5.63705775309547
5.77259713798523
5.79898244566816
5.62385370574355
6.0353764442207
5.91206402783115
5.48432239680953
5.48801044389821
5.75932104634899
5.36271821433165
5.92654601866058
5.44119774602985
5.53761575092346
5.74723029764125
5.94592830672423
5.650929252795
5.54622703884163
5.78195093371493
5.31206706975204
5.56585429633316
5.51088219920811
5.64871157535918
5.8181724569311
5.84990811708793
5.76076023205623
5.69006247966716
5.31170017886988
5.51495486227531
5.61016269506459
5.74575418591594
5.41766370043591
5.57413875529356
5.61797623099913
5.48593968866578
5.76405414326942
5.63967465774377
5.56554941366663
5.30977545450974
5.69657109857703
5.35386506417154
5.7883139585202
5.60714922573743
5.35029344829316
5.4773568717472
5.45810404563689
5.41092134898757
5.41417312785205
5.54923151291509
5.40872137132463
5.74862763542211
5.6260384220198
5.69327837396096
5.8778897902975
5.49414076569123
5.4134127153887
5.68719182087665
6.03781699571061
5.38630717497125
5.75055944954016
6.06008518827754
5.53860571049156
5.82300105747425
5.63205143845566
5.50515979416556
5.74639249849688
5.65015511648203
5.73077438011946
5.75678738789507
5.55695084358327
5.70187583232267
5.62622662194324
5.54201211983704
5.71984158210535
5.53774138742072
5.62072519879368
5.91762960492186
5.42203067232045
5.61019958443266
5.7605598438382
5.82136242097044
5.42063631797309
5.31066285543373
5.72176050073528
5.53081322631075
5.72807081223449
5.62493420758476
5.78176142239083
5.93406223791491
5.67455472044123
5.93065327213612
5.60392939484095
5.71794000999514
5.38497313457226
5.62694888203316
5.68795053402229
5.81924475404893
5.82334596934521
5.66686614053217
5.80964766833562
5.50310568559299
6.00473866652601
5.66354671228596
5.80391252406578
5.56411875550231
5.57589357267132
5.55405611839403
5.59250248301396
5.71630834223837
5.66607658668824
5.59780403035622
5.7174501259574
5.46125427671245
5.63281923976195
5.54530035527347
5.6959956347174
5.58726450469183
5.8400242851721
5.68367330304427
5.50919787739573
5.83153425397659
5.68198859242701
5.79223815155735
5.76536126259951
5.47010273306499
5.57194336092244
5.91121873373644
5.86133203035271
5.61686993349705
5.64920560788397
5.648512011161
5.64249862004936
5.56042948934219
5.41946924127535
6.02251138344705
6.27258464133697
5.64518603169761
5.64098023149649
5.68452322213468
5.40055879324216
5.80143188951303
5.61920206713657
5.59294797564102
5.6007257664359
5.7557557335861
5.81417576892914
5.71230896143727
5.34016902004692
5.81868604408827
5.52247496347541
5.62814220146542
5.69150068679619
5.74773782303991
5.8927872262639
5.46553448437477
5.68623378047867
5.4849606947824
5.80048028269181
5.49426237347925
5.16643698606885
5.36954468078253
5.63645377859453
5.64195439710902
5.76774512776835
5.61979637131646
5.87721698654145
5.75633115207083
5.60268292115628
5.18521809964001
5.81819244797144
5.27178521852969
5.61211541950381
5.98985685831961
5.60056294255073
5.39807290602302
5.7198709975828
5.64223689092289
5.60027024760235
6.3052482176384
5.61759395222213
5.58908401336397
5.59619347361945
5.56117372484892
5.74131109010573
5.4148837246568
5.569838530643
5.4081667671656
5.54446948725033
5.76382158101947
6.03775231341462
5.39567986123342
5.45821758769251
5.90219436440173
6.2667310584386
5.53823892753459
5.45715465004859
5.42278809820063
5.60003272848101
5.59712291103396
5.62343042420006
5.52405054599049
5.61110601885108
5.72375399384834
5.97730241899034
5.54328413632182
5.72174841771121
5.89201573191117
5.26954221078147
6.57982968726918
5.9131873765225
5.59715103736626
5.78915627661323
5.33041753455829
5.61681229205974
5.65492473093192
5.88328998393448
5.49116869704552
5.57012913050715
5.49110872474848
5.52275176113402
5.74122595360127
5.691953542462
5.70685689775167
5.51760877583915
5.62568198994555
5.80153072413201
5.44123564885384
5.57769806906569
5.36513350052406
5.44104352922447
5.42966737885313
5.43961624774271
5.58638524428996
5.77292473911861
5.73615989368392
5.83852825394076
5.60218044328115
5.52527294201465
5.79304226940613
5.66733130033191
5.32840221289242
5.5278099100246
5.85100059875262
5.7530820863532
5.66322177538373
5.60372489212239
5.90410681138385
5.44258298261892
5.57012093052159
6.64521992460279
5.71895676593708
5.63077241533446
5.68186040038402
5.81901954658333
5.6135151523504
5.74787800564484
5.75798054081903
5.70638458401655
5.94244013590004
5.36460747060959
6.46298262552564
5.8533211555641
5.46251677652205
5.48819629292879
5.94346596280367
5.33732315092585
5.61639638113983
5.75406900002101
5.88334072237188
5.83079307630457
5.63771857526365
5.62126115507999
5.3859011169515
5.52462784342962
5.66827805086828
5.72021477620983
5.56380535708376
5.47081270727995
5.61047413346757
5.57922923228951
5.51176407733709
5.74712803567424
5.63257328966294
6.05244844908507
5.25701076657358
5.79237922610414
5.50036638918883
5.75299259685213
5.90510313749108
5.55046253904641
5.54932715144095
5.71413694494344
5.87925044060889
5.44124134958383
5.63163096600799
5.71193933528648
5.84906666868599
5.7393154447424
5.64371953432763
6.36681097279279
5.89108768248808
5.58507342363379
5.64911460356094
5.67182758563318
5.71537531299848
5.53598609978827
5.86884745424986
5.84030533740348
5.59289757356647
5.55913216741259
5.44167651863699
5.62758466281436
5.86542050713885
5.59241578853067
5.80277108787127
5.52266833331854
5.71858723651001
5.82998374258274
5.78632779717844
5.33390812978895
5.72053433823731
5.61391015560675
5.56711002267687
6.01406392074316
5.58842148441984
5.46708041848541
5.6849480520854
5.44697257965362
5.83242127702696
5.62927751086158
5.98037593925765
5.64673287635325
5.72086253965685
5.51747674955376
5.58684696465496
5.38846203080049
5.67694051995823
5.90657642702967
5.66979050701259
5.61114168732786
5.69525721385732
5.7869823234583
5.64616304439955
5.6513346307248
5.38709863777485
5.50900722023853
5.47898509705778
5.83807640080926
5.83743886316939
5.29254119054525
5.6336626633193
5.39712895735272
5.46263087457912
5.32796180662682
5.78861546243823
5.47100596689462
5.48118824933365
5.57963937124711
5.50139596137301
5.66232858545582
5.62215730565558
5.49438218940459
5.54657761941438
5.46471602720911
5.3573220583066
5.88680166191127
5.42930968991333
5.52613407851102
5.88037559074232
5.53115897701366
6.36482193081495
5.66295610374607
5.32731032513432
5.50351093981267
6.28079000575492
5.43034717268922
5.76554373649549
5.62436848404032
5.90010580401533
5.369961908908
6.07177985548626
5.75102655773109
5.58538457023966
5.5078053798064
5.45838973782723
6.03678346612027
5.39619024337295
5.56407738523466
5.8720300585682
5.81249537675735
5.5925429992152
5.42289727527586
5.68523015073432
5.68689381831863
5.36729752794083
5.92349830662319
5.61349171938205
5.50846857540504
5.82257960260305
5.68551990306063
5.61858369159453
6.19974002783781
5.63154315619467
5.51548068322047
6.00965881883186
5.65604379316268
5.72869289450194
5.50585645474376
5.62225945619212
5.77805001468544
5.2840052060916
5.68995556792606
5.74310058009942
5.68393598888589
5.72056378306091
5.63195822767927
5.57730802687714
5.37777633450563
5.70328149921105
5.38651234473895
5.86403360579166
5.55904805220738
5.81696601815279
5.75212799200667
6.06498089717172
5.53257533097719
5.65344472090568
5.69605293093454
5.68207535808996
5.45487645156289
5.62408570830304
5.63517957581257
5.75469041057275
5.65466061836683
5.59327982589826
5.62597806957871
5.51717334110806
5.48464464725548
5.53506371655407
5.75367554985249
5.593943330188
5.49645351038754
5.75949297987644
5.39944304480168
5.90051873462539
5.58665018317523
6.19235540840976
5.53689951225061
5.63820801196908
5.48019453024872
5.72071100267456
5.57522040863197
5.7376292258769
5.49039998696073
5.55823289859023
5.63703188264433
5.47080808154841
5.58389322530731
5.7620189452626
5.65962603287322
5.90556027961008
6.01759896690196
5.58030905725372
5.61177026021279
5.53544784971924
5.82305408860153
6.11184134280478
5.51567850492123
5.60748849671424
5.53590567834915
5.60964675270532
5.48792073796548
5.56405962458355
5.94109276816813
5.52546196612764
5.4153670209081
5.92715397694059
5.56052580377807
5.67304528876807
5.54149599907074
5.40722421432972
5.60995211099434
5.91110217749461
5.76576213575692
5.90614471637115
5.9712024394578
6.02340465728175
5.66419660543402
5.49384521312163
5.69937581404459
5.53536752806687
5.94383917772305
5.77417181300645
6.00755793880059
5.79773881702142
5.5275459636642
6.03527506798154
5.52261580693256
6.1757100005563
5.55345152400029
5.57570133304238
5.88671005563785
5.59635176869223
5.88601280616818
5.5422023507007
5.59933563286588
5.66169189757302
5.78330966010389
5.71265974913377
5.65574896777145
6.01286118512137
5.55118958355611
5.47318272986199
5.65631793447133
5.6244627200923
5.56817979180561
5.9864229558016
5.88308125834862
5.6974793772964
5.58634410616228
5.56993775664713
5.51971026119251
5.61414793220481
6.03279909280344
5.51533387616639
5.52339012818009
5.59289674067719
5.62139416850986
5.96686555704859
5.71736046281388
5.88291381714633
5.60828574065726
5.50764079789228
5.59319607597115
5.50221671432315
5.52219199086047
5.51365212980072
5.66579378463307
5.75924568093459
5.8348394094055
5.52329586073933
5.53171140993425
5.70189100319213
5.85918608226264
5.46150604375412
5.62794254380714
5.74512217536524
5.68006913280324
5.68287556251858
6.0062015684591
5.43527034244803
5.63360049666707
5.90171237330002
5.48789819638942
5.97290651246312
5.7839182780093
5.60411767589175
5.93221434794911
5.60413499619196
5.65063026657955
5.60907369996567
5.56275759398903
5.53816864877359
5.93561734309563
5.81284100792961
5.68034813602796
5.49433766656347
5.62633079983888
5.96311630764902
5.84276931600495
5.95979910688963
5.93569123122377
5.44914471255586
5.53956183574828
5.64945945884179
5.65947755024602
5.84820209752805
5.46163793256312
5.93861320054814
5.65393042196046
6.1501299933159
5.56724893759254
5.62340818736411
5.55577066292802
5.94993781976987
5.66245907832741
5.57840007075191
6.23361576052183
5.52698813059969
5.86555218622006
5.58183249977193
5.69304388157117
6.30395946088937
5.88654018934671
5.64161590953143
5.92039578148863
5.57396892752401
5.83107387515354
5.65850883843108
5.5493399768649
5.51980149835966
6.20937436791856
5.86599651749531
5.91284693354935
5.86778598147864
5.76821624737117
5.57167016558196
5.7533366716134
5.78287665571357
5.92794216012766
5.70292052494175
5.81944455240572
5.71925489196243
5.57295822212263
5.6968066983598
5.42905841704497
5.97785293349976
5.67130867601775
5.59820092548275
6.12432106020999
5.64684570473294
5.79522990049996
5.45887156687139
5.81992444826293
6.07654133009389
5.64092627058485
5.60642029991982
5.55672857989854
6.03250482959843
5.76122955281554
5.59375091769462
5.65150599393678
5.48001995967451
5.59909953802194
5.6493141856952
5.87564754853374
5.70716466978039
5.59668259777022
5.52569184440755
5.65220311460174
5.49464737241345
5.7081448016791
5.81640784504726
5.59300376827236
5.6215517760723
5.64663385535737
5.70620781556624
6.08098513514126
5.48364621609821
5.71454174204422
5.58983201759258
5.52768080732098
5.83672216940936
5.71100954131119
5.95349274050564
5.68415628803723
5.57137362510805
5.74405747050382
5.74816460125161
6.04108135995544
5.5388067622943
5.64940646394258
5.51805206151398
5.64758992913765
5.54849353335959
5.64416541387432
5.67069541538686
5.9175987785912
5.55970506003684
5.88798659909411
5.61340139835587
5.63410236222635
5.76167700480115
5.54912292595426
5.58812615272892
5.67534527865829
5.7624973033538
5.59074369268967
5.63345624744336
5.49991231217805
5.59550411541553
6.06463476045132
6.31518064219189
5.48792859783507
5.78353301996296
5.51607554297086
5.68810224537303
5.73076723970968
5.89845534681308
5.82106301130634
5.56842161972772
5.69320409129642
5.68017735277387
5.87745184253944
5.54597878733441
5.63042244619242
5.74669178663734
5.67338413536809
5.36758542465429
5.62285102578408
5.62938178982504
5.96757767283487
5.63715746757582
5.77768551264919
5.93000982005516
5.78122309594998
5.52654998030354
5.57719829019452
5.7593058792764
5.58911855092427
5.79781281006839
5.51495711952306
5.59661814427713
5.44213598481473
5.63023534018378
5.6634723765717
5.672503085744
6.1552078064853
5.54724734986353
5.50747193136882
5.51364055981521
5.6525291505493
5.40811543683535
5.71627348323284
5.62129897564149
5.76094831507999
5.71499983281269
6.0066347193544
5.93156308791666
5.61259131663849
5.55886510623054
5.49779233431932
5.63876423495812
5.79122769757439
5.70816475990293
5.53123267243149
5.65542566348688
6.51756775971395
5.70074785129674
6.02328745579762
5.57761156107549
5.70912590501574
5.65307960061509
5.58216194477735
5.62736930957674
5.78429307033228
5.40239298298648
5.75818096021505
5.79129969623065
5.64384018325556
5.76149110871213
5.71586229697509
5.77292994447086
5.83461247222289
5.65960691348415
5.75073384915024
5.44182462720501
6.1080822563745
5.65540198356465
5.66948136706209
5.73776473686769
5.85860797794128
5.93121582925761
5.78166777180252
5.4735859813809
5.61787710271813
5.59977981900464
5.62704441154454
5.72240390119549
5.99008866321667
5.61949323243759
5.50458215204272
5.62267535525047
5.61681978986786
5.90844909287057
5.66413039093728
6.1330960122548
5.7101258471052
5.92555826825814
5.86016161009728
5.85883194045333
5.80211799053499
5.54571466221739
5.71260111873112
5.71441395823391
5.51672660210076
5.67277249992574
5.68226930601419
5.46790696554945
5.58811429415805
5.73894572225603
5.92126733055489
5.71296093569085
5.64038112110624
6.04109289234512
5.90429425787687
5.44724697334139
5.85198592672993
5.69498335540024
5.61615852975552
6.42963077327801
5.81728112185043
5.70039356512345
5.66385996698194
5.53100596452396
5.50577143389771
5.64254018253649
5.56807264507351
5.49843601873535
5.52971303355583
5.50385239359646
5.57098936114452
5.6465215563016
5.55060957800014
5.46133500790407
5.55371178021221
5.49211715667151
5.7392496421139
5.80297190814066
5.78864504306913
5.69762279517197
5.61445273611023
5.64916119200925
5.73119157876551
5.5253911637708
6.05074272984072
5.98109163494755
5.52823442975931
5.8666535172199
5.56554854235901
5.79171856743642
5.8332589103342
5.88129682117796
5.59872382396015
5.56864079389162
6.24226275761753
5.4672849231644
5.62826949518475
6.27150655555197
5.60755130638007
5.46561277775982
5.59725482117751
5.66325304066347
5.6111229237135
5.68666837161478
6.40642713952617
5.7515355512093
5.52805827016536
5.47814534503286
5.58038111326003
5.62812468116905
5.60716527043573
5.84486669706125
6.03446239697727
6.05414251318488
